0 0
0.00709972 6.32882e-05
0.0141972 0.000253563
0.0212902 0.000568234
0.028377 0.00100047
0.0354565 0.00153933
0.0425285 0.00217007
0.0495934 0.00287448
0.056653 0.00363134
0.0637094 0.0044168
0.0707655 0.0052049
0.0778244 0.00596798
0.0848889 0.00667722
0.0919612 0.00730314
0.0990427 0.00781629
0.106133 0.00818799
0.11323 0.00839129
0.12033 0.00840197
0.127427 0.00819969
0.134514 0.00776906
0.141583 0.00710053
0.148624 0.00619098
0.155631 0.00504391
0.162596 0.00366921
0.169517 0.00208253
0.176391 0.000304486
0.183219 -0.00164027
0.190006 -0.00372392
0.19676 -0.00591609
0.203487 -0.00818439
0.210201 -0.0104945
0.216913 -0.0128102
0.223636 -0.0150931
0.230383 -0.0173024
0.237168 -0.0193941
0.244002 -0.0213214
0.250892 -0.023034
0.257843 -0.0244788
0.264854 -0.0256016
0.271915 -0.0263495
0.279007 -0.0266749
0.286106 -0.0265397
0.293179 -0.0259207
0.300192 -0.0248123
0.307113 -0.0232269
0.313915 -0.021193
0.320582 -0.0187506
0.327104 -0.0159463
0.333483 -0.0128289
0.339726 -0.00944635
0.345844 -0.00584374
0.351853 -0.00206273
0.357772 0.00185852
0.36362 0.0058849
0.369418 0.00998359
0.375186 0.0141231
0.380948 0.0182724
0.386725 0.0223995
0.392542 0.0264704
0.398423 0.0304474
0.404396 0.0342872
0.410485 0.0379388
0.416717 0.0413405
0.423115 0.0444175
0.429697 0.0470795
0.436467 0.0492207
0.443405 0.0507257
0.450465 0.0514839
0.457564 0.0514131
0.464603 0.0504835
0.471483 0.0487284
0.47813 0.0462325
0.484505 0.0431064
0.490599 0.0394631
0.496424 0.0354042
0.502004 0.0310143
0.507367 0.0263616
0.512574 0.0215351
0.518812 0.0181437
0.512551 0.0214916
0.518692 0.0179291
0.512551 0.0214916
0.518692 0.0179291
0.512551 0.0214916
0.518692 0.0179291
0.512551 0.0214916
0.518692 0.0179291
0.512551 0.0214916
0.518692 0.0179291
0.512551 0.0214916
0.518692 0.0179291
0.512551 0.0214916
0.518692 0.0179291
0.512551 0.0214916
0.518692 0.0179291
0.512551 0.0214916
0.518692 0.0179291
0.512551 0.0214916
0.518692 0.0179291
0.512551 0.0214916
