# t, x, y, z, qx, qy, qz
0.0, 0.6666666421574411, -8.679523690686062e-05, 0., 0., 0., 0.00022580754704734906
0.01, 0.6666666360892092, -9.436993153716977e-05, 0., 0., 0., 0.0002085691971914809
0.02, 0.6666666288086627, -0.00010203474300463844, 0., 0., 0., 0.00018136038406231864
0.03, 0.666666620162383, -0.00010965062939973597, 0., 0., 0., 0.00014179367130820136
0.04, 0.6666666100078016, -0.00011703943260596665, 0., 0., 0., 8.706011682802684e-05
0.05, 0.6666665982273601, -0.0001239762852648563, 0., 0., 0., 1.3879082155409919e-05
0.06, 0.6666665847472998, -0.00013018084275529614, 0., 0., 0., -8.155127684564541e-05
0.07, 0.6666665695615442, -0.0001353072152884892, 0., 0., 0., -0.00020360058999125116
0.08, 0.6666665527606958, -0.00013893247824824095, 0., 0., 0., -0.0003572473665326565
0.09, 0.6666665345653617, -0.00014054364859347366, 0., 0., 0., -0.0005481119958521342
0.1, 0.6666665153616884, -0.00013952303374779128, 0., 0., 0., -0.0007824793795398076
0.11, 0.6666664957348617, -0.00013513188961462107, 0., 0., 0., -0.001067309700769046
0.12, 0.6666664764931547, -0.00012649236927012977, 0., 0., 0., -0.0014102370208522255
0.13, 0.6666664586704503, -0.00011256780694232948, 0., 0., 0., -0.001819556761838589
0.14, 0.666666443488591, -9.2141466749718e-05, 0., 0., 0., -0.00230420429898697
0.15, 0.666666432251847, -6.379399602923873e-05, 0., 0., 0., -0.0028737273709081653
0.16, 0.6666664261336117, -2.5879962329002737e-05, 0., 0., 0., -0.003538254419152781
0.17, 0.6666664257995264, 2.3495976014920957e-05, 0., 0., 0., -0.004308459158508899
0.18, 0.6666664307909563, 8.650251183073874e-05, 0., 0., 0., -0.005195518889022393
0.19, 0.66666643856773, 0.00016560375282926283, 0., 0., 0., -0.006211060841170287
0.2, 0.6666664430791969, 0.00026357864906347884, 0., 0., 0., -0.0073670878407617576
0.21, 0.6666664326985171, 0.00038353623378732866, 0., 0., 0., -0.008675872379609281
0.22, 0.6666663873180976, 0.0005289248184922684, 0., 0., 0., -0.010149806827706945
0.23, 0.6666662743669995, 0.0007035329692569422, 0., 0., 0., -0.011801197262971469
0.24, 0.6666660434784999, 0.0009114797881684083, 0., 0., 0., -0.013641988594451636
0.25, 0.6666656195145796, 0.001157191748524767, 0., 0., 0., -0.015683409358681007
0.26, 0.6666648936534955, 0.0014453631067956455, 0., 0., 0., -0.017935525431913645
0.27, 0.6666637122794153, 0.0017808967621287916, 0., 0., 0., -0.020406692986578545
0.28, 0.6666618634952577, 0.002168822384134429, 0., 0., 0., -0.02310290246728767
0.29, 0.6666590612301644, 0.0026141887168521748, 0., 0., 0., -0.026027007452816452
0.3, 0.6666549271520542, 0.0031219272359228655, 0., 0., 0., -0.02917783537714001
0.31, 0.6666489709435993, 0.0036966848447619618, 0., 0., 0., -0.03254918163100666
0.32, 0.6666405699725475, 0.004342624116933132, 0., 0., 0., -0.03612869499753537
0.33, 0.6666289499900521, 0.005063190813200775, 0., 0., 0., -0.03989667109574561
0.34, 0.6666131692103167, 0.005860850117646185, 0., 0., 0., -0.04382478180573496
0.35000000000000003, 0.6665921089189488, 0.006736795334923992, 0., 0., 0., -0.04787478259920095
0.36, 0.6665644745427939, 0.007690635724746985, 0., 0., 0., -0.05199725601623919
0.37, 0.6665288117570943, 0.008720073707059697, 0., 0., 0., -0.05613046742954339
0.38, 0.6664835425187761, 0.009820585729900638, 0., 0., 0., -0.060199427298974775
0.39, 0.6664270256637983, 0.010985125378353104, 0., 0., 0., -0.06411527020178907
0.4, 0.6663576456389906, 0.012203871361929894, 0., 0., 0., -0.06777507218803651
0.41000000000000003, 0.6662739308348555, 0.013464046207247482, 0., 0., 0., -0.07106223112185923
0.42, 0.6661746997248433, 0.014749833012151381, 0., 0., 0., -0.07384752613164813
0.43, 0.666059228693078, 0.01604241664463109, 0., 0., 0., -0.07599094930401629
0.44, 0.6659274303769877, 0.01732017155546967, 0., 0., 0., -0.07734436351621325
0.45, 0.6657800262704391, 0.01855901049253688, 0., 0., 0., -0.07775498566972495
0.46, 0.6656186931617434, 0.019732896953895556, 0., 0., 0., -0.07706962781984188
0.47000000000000003, 0.6654461608423441, 0.020814509985096562, 0., 0., 0., -0.07513955647225405
0.48, 0.6652662394253219, 0.021776034429107916, 0., 0., 0., -0.07182576175214453
0.49, 0.6650837591789588, 0.022590035078099487, 0., 0., 0., -0.06700437370447827
0.5, 0.6649044139564946, 0.02323036170626587, 0., 0., 0., -0.06057193237270983
0.51, 0.6647345102153598, 0.0236730258009874, 0., 0., 0., -0.052450218166048876
0.52, 0.66458063564053, 0.02389699033510249, 0., 0., 0., -0.0425903808644039
0.53, 0.6644492724415703, 0.023884821393542015, 0., 0., 0., -0.030976164679122207
0.54, 0.6643463884344913, 0.023623163893945927, 0., 0., 0., -0.017626102427960384
0.55, 0.6642770425396314, 0.023103020974441772, 0., 0., 0., -0.0025946294475716913
0.56, 0.664245039734493, 0.022319835206294825, 0., 0., 0., 0.014027868043225266
0.5700000000000001, 0.6642526642462956, 0.021273386942254117, 0., 0., 0., 0.03211601703885668
0.58, 0.6643005101833761, 0.019967538663927295, 0., 0., 0., 0.05151137386588895
0.59, 0.6643874177196203, 0.018409862842554872, 0., 0., 0., 0.07202525129793531
0.6, 0.6645105122348008, 0.01661119424884942, 0., 0., 0., 0.09344244726270252
0.61, 0.6646653349888283, 0.014585146356422614, 0., 0., 0., 0.11552588709412344
0.62, 0.6648460478795464, 0.012347626566152112, 0., 0., 0., 0.13802217785681434
0.63, 0.6650456918555391, 0.009916377768555074, 0., 0., 0., 0.1606680076351137
0.64, 0.6652564783283037, 0.007310565555688929, 0., 0., 0., 0.18319720445394788
0.65, 0.6654700947936697, 0.004550422265771127, 0., 0., 0., 0.20534812153706436
0.66, 0.665678009025402, 0.0016569517518896875, 0., 0., 0., 0.22687088122324592
0.67, 0.6658717598708526, -0.0013483072454200115, 0., 0., 0., 0.24753393895273493
0.68, 0.6660432262342496, -0.004443465792485081, 0., 0., 0., 0.26712945711337793
0.6900000000000001, 0.6661848688550916, -0.007606427289090668, 0., 0., 0., 0.28547711067520193
0.7000000000000001, 0.6662899417599406, -0.010814999345975103, 0., 0., 0., 0.30242615097860415
0.71, 0.6663526717450484, -0.014046987105520487, 0., 0., 0., 0.3178557804446944
0.72, 0.666368405026697, -0.01728027966119668, 0., 0., 0., 0.3316740767687393
0.73, 0.6663337204540197, -0.020492939942080058, 0., 0., 0., 0.34381582881952943
0.74, 0.66624650863698, -0.02366330643369473, 0., 0., 0., 0.3542396809881223
0.75, 0.6661060162285252, -0.026770112553083973, 0., 0., 0., 0.3629249554032912
0.76, 0.6659128546191595, -0.029792626550188106, 0., 0., 0., 0.3698684487110345
0.77, 0.665668972609309, -0.03271081166796853, 0., 0., 0., 0.3750814110040954
0.78, 0.6653775933057058, -0.035505503197147334, 0., 0., 0., 0.3785868284587769
0.79, 0.6650431165472657, -0.03815859627380379, 0., 0., 0., 0.3804170603954843
0.8, 0.664670989525533, -0.0406532360594024, 0., 0., 0., 0.38061183053978664
0.81, 0.664267549775479, -0.04297400055000146, 0., 0., 0., 0.37921654082155504
0.8200000000000001, 0.6638398461783958, -0.045107065846372085, 0., 0., 0., 0.37628086089351387
0.8300000000000001, 0.6633954448321056, -0.04704034433129866, 0., 0., 0., 0.37185754340383836
0.84, 0.6629422274236642, -0.04876358776772936, 0., 0., 0., 0.3660014196951361
0.85, 0.6624881899657853, -0.0502684496524655, 0., 0., 0., 0.3587685394215141
0.86, 0.6620412493921433, -0.05154850394337387, 0., 0., 0., 0.35021542782074605
0.87, 0.661609064596771, -0.05259922018876476, 0., 0., 0., 0.34039844416347337
0.88, 0.6611988771703703, -0.05341789780211059, 0., 0., 0., 0.32937323312302963
0.89, 0.6608173754996465, -0.05400356448037926, 0., 0., 0., 0.3171942670071985
0.9, 0.6604705842349416, -0.05435684538884189, 0., 0., 0., 0.3039144809784254
0.91, 0.6601637795879187, -0.05447981066434888, 0., 0., 0., 0.2895850059316824
0.92, 0.6599014295127236, -0.054375809040056504, 0., 0., 0., 0.2742550048717252
0.93, 0.6596871569263607, -0.05404929509429416, 0., 0., 0., 0.25797161948940855
0.9400000000000001, 0.6595237232490835, -0.05350565686821744, 0., 0., 0., 0.2407800336577771
0.9500000000000001, 0.6594130293026511, -0.05275104959364995, 0., 0., 0., 0.2227236612201466
0.96, 0.6593561304336486, -0.05179224012094458, 0., 0., 0., 0.20384446591338748
0.97, 0.6593532628680926, -0.05063646548417016, 0., 0., 0., 0.18418342207984062
0.98, 0.6594038785779079, -0.04929130796505774, 0., 0., 0., 0.16378112553869945
0.99, 0.6595066863146508, -0.04776458807566565, 0., 0., 0., 0.14267856421729855
1.0, 0.6596596968881611, -0.04606427609939685, 0., 0., 0., 0.1209180571983724
1.01, 0.6598602711987895, -0.04419842221541833, 0., 0., 0., 0.09854436776993504
1.02, 0.660105169944156, -0.04217510477156256, 0., 0., 0., 0.075605989637868
1.03, 0.6603906042980503, -0.04000239594454158, 0., 0., 0., 0.05215659420456282
1.04, 0.6607122871911666, -0.037688343807920584, 0., 0., 0., 0.02825660916875879
1.05, 0.6610654851077719, -0.0352409696904062, 0., 0., 0., 0.003974873357443217
1.06, 0.6614450705496299, -0.032668279622918774, 0., 0., 0., -0.02060972076398089
1.07, 0.6618455755107086, -0.02997828861790305, 0., 0., 0., -0.04540672564033983
1.08, 0.6622612464557581, -0.02717905647616276, 0., 0., 0., -0.07031294946799263
1.09, 0.6626861014041371, -0.024278733755704045, 0., 0., 0., -0.09521178690515764
1.1, 0.6631139897868918, -0.021285616446967384, 0., 0., 0., -0.11997329465724894
1.11, 0.6635386557674177, -0.01820820776577774, 0., 0., 0., -0.1444552200149403
1.12, 0.6639538056889159, -0.01505528528914187, 0., 0., 0., -0.16850512530356182
1.1300000000000001, 0.6643531802278624, -0.011835971413770977, 0., 0., 0., -0.19196363251115856
1.1400000000000001, 0.6647306316825532, -0.008559804812556885, 0., 0., 0., -0.2146686504419785
1.1500000000000001, 0.6650802065993776, -0.005236810207115151, 0., 0., 0., -0.2364602712075213
1.16, 0.6653962336273863, -0.0018775633811820153, 0., 0., 0., -0.2571858780117497
1.17, 0.6656734160875184, 0.0015067520422023363, 0., 0., 0., -0.27670493702805965
1.18, 0.6659069282458372, 0.004904299906316752, 0., 0., 0., -0.29489297990147234
1.19, 0.666092513698871, 0.008302563038267806, 0., 0., 0., -0.3116444159166359
1.2, 0.6662265836350215, 0.01168833523548581, 0., 0., 0., -0.32687400766424585
1.21, 0.6663063120664034, 0.015047737875745568, 0., 0., 0., -0.34051705148636835
1.22, 0.6663297244856364, 0.01836626489485251, 0., 0., 0., -0.3525284656148994
1.23, 0.666295775864449, 0.02162885909107505, 0., 0., 0., -0.3628810910983647
1.24, 0.6662044135606718, 0.024820021514291826, 0., 0., 0., -0.3715635300713081
1.25, 0.666056620626476, 0.02792395408130766, 0., 0., 0., -0.3785778137150426
1.26, 0.6658544352932537, 0.030924733584715966, 0., 0., 0., -0.38393712354359144
1.27, 0.6656009431010861, 0.03380651305524374, 0., 0., 0., -0.38766371120552806
1.28, 0.6653002392539602, 0.0365537441859612, 0., 0., 0., -0.3897870900612515
1.29, 0.6649573602701767, 0.039151412469976436, 0., 0., 0., -0.39034251565726413
1.3, 0.6645781857536509, 0.04158527509979079, 0., 0., 0., -0.3893697346028151
1.31, 0.6641693129742668, 0.043842090763220334, 0., 0., 0., -0.38691196079447715
1.32, 0.6637379087170445, 0.04590983041811532, 0., 0., 0., -0.38301503089564853
1.33, 0.6632915443383178, 0.04777785900228015, 0., 0., 0., -0.37772669335961595
1.34, 0.662838020979187, 0.049437079777741234, 0., 0., 0., -0.37109599328839005
1.35, 0.662385192318993, 0.05088003544081438, 0., 0., 0., -0.36317272595035127
1.36, 0.6619407920709919, 0.05210096297993988, 0., 0., 0., -0.3540069425654812
1.37, 0.6615122726786277, 0.05309580221490449, 0., 0., 0., -0.3436485015276198
1.3800000000000001, 0.6611066604842577, 0.05386216069466593, 0., 0., 0., -0.33214666577873864
1.3900000000000001, 0.6607304311784723, 0.05439923991312283, 0., 0., 0., -0.3195497523438773
1.4000000000000001, 0.6603894077746917, 0.0547077294572217, 0., 0., 0., -0.30590484323756567
1.41, 0.6600886818805374, 0.05478967666645938, 0., 0., 0., -0.2912575685253643
1.42, 0.6598325576709309, 0.05464833967300739, 0., 0., 0., -0.275651972589398
1.43, 0.6596245170891072, 0.05428803143183907, 0., 0., 0., -0.25913047468738815
1.44, 0.6594672039196361, 0.05371396162963786, 0., 0., 0., -0.24173393418919004
1.45, 0.6593624241140702, 0.05293208239045343, 0., 0., 0., -0.22350183089601386
1.46, 0.6593111595436467, 0.051948942568860436, 0., 0., 0., -0.20447257077143058
1.47, 0.659313592450755, 0.05077155428453319, 0., 0., 0., -0.18468392775501877
1.48, 0.6593691381002389, 0.049407274283016916, 0., 0., 0., -0.16417363264717194
1.49, 0.6594764834619092, 0.04786370176459086, 0., 0., 0., -0.14298011994459053
1.5, 0.6596336301365235, 0.04614859353452039, 0., 0., 0., -0.12114344227676234
1.51, 0.6598379401316632, 0.04426979669986598, 0., 0., 0., -0.09870635878684728
1.52, 0.6600861834749417, 0.042235198660844964, 0., 0., 0., -0.07571559717774715
1.53, 0.6603745870029861, 0.04005269379915483, 0., 0., 0., -0.052223277727706637
1.54, 0.6606988839764992, 0.037730166027101664, 0., 0., 0., -0.028288469803661856
1.55, 0.6610543644408091, 0.03527548620348538, 0., 0., 0., -0.003978825956216696
1.56, 0.6614359264774556, 0.03269652331906311, 0., 0., 0., 0.020627794859960375
1.57, 0.6618381286770209, 0.0300011682818044, 0., 0., 0., 0.045441843633654194
1.58, 0.6622552443082295, 0.027197369068162443, 0., 0., 0., 0.07036090843746808
1.59, 0.6626813177640892, 0.024293175931856936, 0., 0., 0., 0.09526905994755014
1.6, 0.6631102239315535, 0.021296795259545673, 0., 0., 0., 0.1200369403659669
1.61, 0.6635357311537651, 0.01821665051951763, 0., 0., 0., 0.14452280384159558
1.62, 0.6639515684278805, 0.015061448554843218, 0., 0., 0., 0.16857465136757951
1.6300000000000001, 0.6643514973990324, 0.011840249220181533, 0., 0., 0., 0.19203348445140475
1.6400000000000001, 0.6647293895626867, 0.008562536051152711, 0., 0., 0., 0.2147375399560156
1.6500000000000001, 0.6650793088631868, 0.005238285293567662, 0., 0., 0., 0.23652719301390573
1.6600000000000001, 0.6653955995661766, 0.0018780302229613834, 0., 0., 0., 0.2572500701086692
1.67, 0.6656729788802652, -0.0015070827196900513, 0., 0., 0., 0.27676584530623555
1.68, 0.6659066333080605, -0.004905249821765776, 0., 0., 0., 0.29495022638514373
1.69, 0.6660923171270406, -0.00830398215199626, 0., 0., 0., 0.3116977701268499
1.7, 0.6662264507580503, -0.011690098031460015, 0., 0., 0., 0.3269233607936768
1.71, 0.6663062161108576, -0.015049740079567931, 0., 0., 0., 0.3405623932212064
1.72, 0.6663296453574641, -0.018368420582118867, 0., 0., 0., 0.35256986352508163
1.73, 0.666295699047111, -0.021631098143762736, 0., 0., 0., 0.3629186725475545
1.74, 0.6662043291274097, -0.024822287386252202, 0., 0., 0., 0.3715974665846356
1.75, 0.6660565223629077, -0.027926201837413893, 0., 0., 0., 0.3786083077050461
1.76, 0.6658543199254263, -0.030926928181668166, 0., 0., 0., 0.3839643972496217
1.77, 0.6656008096233937, -0.033808627835410644, 0., 0., 0., 0.38768799766180817
1.78, 0.6653000883508715, -0.036555759558880775, 0., 0., 0., 0.3898086258808131
1.79, 0.6649571938253965, -0.03915331475920645, 0., 0., 0., 0.39036153540536017
1.8, 0.6645780064401281, -0.041587055535654206, 0., 0., 0., 0.38938646653307124
1.81, 0.6641691239182818, -0.04384374460458649, 0., 0., 0., 0.386926623731185
1.82, 0.6637377132294777, -0.04591135618866971, 0., 0., 0., 0.3830278320628921
1.83, 0.663291345706093, -0.04777925782873714, 0., 0., 0., 0.3777378269792432
1.84, 0.662837822309825, -0.049438354819137977, 0., 0., 0., 0.37110563979168537
1.85, 0.6623849964312327, -0.05088119139939851, 0., 0., 0., 0.36318105167082476
1.86, 0.6619406014245468, -0.05210200568524993, 0., 0., 0., 0.3540140998013095
1.87, 0.6615120893363838, -0.05309673827348191, 0., 0., 0., 0.3436546288813167
1.8800000000000001, 0.6611064861005721, -0.0538629971984763, 0., 0., 0., 0.33215188869833984
1.8900000000000001, 0.6607302670077111, -0.054399984200257094, 0., 0., 0., 0.31955418380431105
1.9000000000000001, 0.6603892546947221, -0.05470838891884562, 0., 0., 0., 0.3059085845130744
1.9100000000000001, 0.6600885404265427, -0.054790258594327165, 0., 0., 0., 0.29126071001408327
1.92, 0.6598324280756059, -0.05464885114218844, 0., 0., 0., 0.27565459465972925
1.93, 0.6596243993259919, -0.05428847921364886, 0., 0., 0., 0.25913264852285045
1.94, 0.6594670977470185, -0.053714352130126916, 0., 0., 0., 0.24173572261424484
1.95, 0.6593623291175114, -0.05293242161019676, 0., 0., 0., 0.22350328917009538
1.96, 0.6593110751757357, -0.05194923608019758, 0., 0., 0., 0.20447374734225676
1.97, 0.6593135180671792, -0.05077180722282918, 0., 0., 0., 0.1846848649653493
1.98, 0.6593690729916459, -0.04940749134893447, 0., 0., 0., 0.16417436739162988
1.99, 0.6594764268813509, -0.04786388723477495, 0., 0., 0., 0.14298068427507943
2.0, 0.6596335813225094, -0.0461487512784867, 0., 0., 0., 0.12114386395648108
2.0100000000000002, 0.6598378983270231, -0.04426993020124742, 0., 0., 0., 0.09870666179399978
2.02, 0.6600861479418144, -0.04223531104148114, 0., 0., 0., 0.07571580216084295
2.0300000000000002, 0.6603745570343185, -0.04005278784480234, 0., 0., 0., 0.0522234024148767
2.04, 0.660698858904478, -0.03773024421380186, 0., 0., 0., 0.028288529368785065
2.05, 0.6610543436426519, -0.035275550723845334, 0., 0., 0., 0.003978833344822937
2.06, 0.6614359093789766, -0.03269657610789316, 0., 0., 0., -0.020627828641954515
2.07, 0.6618381147543587, -0.030001211040710615, 0., 0., 0., -0.04544190926531045
2.08, 0.6622552330880965, -0.027197403288817087, 0., 0., 0., -0.07036099805929853
2.09, 0.6626813088228541, -0.024293202917773912, 0., 0., 0., -0.09526916696613286
2.1, 0.6631102168934362, -0.021296816146264965, 0., 0., 0., -0.12003705928385304
2.11, 0.6635357256883815, -0.01821666629316727, 0., 0., 0., -0.14452293010967818
2.12, 0.6639515642473357, -0.015061460069090482, 0., 0., 0., -0.1685747812571934
2.13, 0.664351494254729, -0.011840257211622764, 0., 0., 0., -0.19203361494345714
2.14, 0.664729387241981, -0.008562541153210087, 0., 0., 0., -0.21473766864459926
2.15, 0.6650793071860032, -0.005238288048982635, 0., 0., 0., -0.23652731802198187
2.16, 0.6653955983816595, -0.0018780310949784312, 0., 0., 0., -0.25725019001371
2.17, 0.6656729780635358, 0.001507083337346866, 0., 0., 0., -0.2767659590740406
2.18, 0.6659066327571205, 0.004905251596022423, 0., 0., 0., -0.29495033331046594
2.19, 0.6660923167598597, 0.008303984802563317, 0., 0., 0., -0.3116978697798717
2.2, 0.666226450509854, 0.011690101323877777, 0., 0., 0., -0.3269234529717615
2.21, 0.6663062159316303, 0.015049743819067145, 0., 0., 0., -0.34056247790559535
2.22, 0.6663296452096706, 0.018368424608214733, 0., 0., 0., -0.3525699408424037
2.23, 0.6662956989036366, 0.02163110232549897, 0., 0., 0., -0.36291874273604047
2.24, 0.6662043289697137, 0.024822291618025343, 0., 0., 0., -0.37159752996493006
2.25, 0.6660565221793839, 0.02792620603530809, 0., 0., 0., -0.37860836465542164
2.2600000000000002, 0.6658543197099606, 0.03092693228024361, 0., 0., 0., -0.38396444818533076
2.27, 0.6656008093741084, 0.033808631784888805, 0., 0., 0., -0.3876880430182211
2.2800000000000002, 0.6653000880690452, 0.03655576332268195, 0., 0., 0., -0.3898086660999489
2.29, 0.6649571935145477, 0.03915331831179531, 0., 0., 0., -0.3903615709253846
2.3000000000000003, 0.6645780061052488, 0.04158705886065864, 0., 0., 0., -0.389386497780338
2.31, 0.6641691235652104, 0.04384374769315698, 0., 0., 0., -0.3869266511144194
2.32, 0.6637377128643975, 0.045911359038053386, 0., 0., 0., -0.3830278559691394
2.33, 0.6632913453351423, 0.047779260441041776, 0., 0., 0., -0.37773784777125413
2.34, 0.662837821938807, 0.04943835720026599, 0., 0., 0., -0.37110565780644716
2.35, 0.6623849960654109, 0.05088119355813388, 0., 0., 0., -0.36318106721898796
2.36, 0.6619406010685146, 0.052102007632481184, 0., 0., 0., -0.35401411316730874
2.37, 0.6615120889939935, 0.0530967400215484, 0., 0., 0., -0.3436546403240033
2.38, 0.6611064857749129, 0.05386299876062338, 0., 0., 0., -0.33215189845199705
2.39, 0.6607302667011253, 0.05439998559018962, 0., 0., 0., -0.3195541920799246
2.4, 0.6603892544088489, 0.0547083901503672, 0., 0., 0., -0.3059085914997777
2.41, 0.6600885401623813, 0.0547902596810556, 0., 0., 0., -0.2912607158806969
2.42, 0.6598324278335906, 0.05464885209733672, 0., 0., 0., -0.2756545995563423
2.43, 0.6596243991060734, 0.0542884800498626, 0., 0., 0., -0.2591326525823972
2.44, 0.659467097548745, 0.05371435285936948, 0., 0., 0., -0.24173572595405107
2.45, 0.659362328940109, 0.052932422243674226, 0., 0., 0., -0.22350329189335616
2.46, 0.6593110750181821, 0.05194923662831627, 0., 0., 0., -0.20447374953944805
2.47, 0.6593135179282711, 0.050771807695179264, 0., 0., 0., -0.18468486671554424
2.48, 0.6593690728700585, 0.0494074917542944, 0., 0., 0., -0.16417436876372923
2.49, 0.6594764267756894, 0.047863887581131186, 0., 0., 0., -0.1429806853289378
2.5, 0.6596335812313515, 0.04614875157306553, 0., 0., 0., -0.12114386474394652
2.5100000000000002, 0.659837898248955, 0.04426993045055437, 0., 0., 0., -0.09870666235985011
2.52, 0.660086147875458, 0.04223531125134611, 0., 0., 0., -0.07571580254363817
2.5300000000000002, 0.6603745569783535, 0.04005278802042761, 0., 0., 0., -0.052223402647723495
2.54, 0.6606988588576573, 0.037730244359811344, 0., 0., 0., -0.028288529480019788
2.5500000000000003, 0.6610543436038125, 0.035275550844333495, 0., 0., 0., -0.003978833358619387
2.56, 0.661435909347046, 0.03269657620647334, 0., 0., 0., 0.020627828705041245
2.57, 0.6618381147283589, 0.03000121112056062, 0., 0., 0., 0.04544190938787322
2.58, 0.6622552330671436, 0.02719740335272228, 0., 0., 0., 0.0703609982266623
2.59, 0.6626813088061568, 0.024293202968168552, 0., 0., 0., 0.09526916716598481
2.6, 0.6631102168802929, 0.021296816185269744, 0., 0., 0., 0.12003705950592564
2.61, 0.6635357256781752, 0.018216666322623688, 0., 0., 0., 0.14452293034547667
2.62, 0.6639515642395287, 0.015061460090592796, 0., 0., 0., 0.1685747814997543
2.63, 0.6643514942488572, 0.011840257226546334, 0., 0., 0., 0.19203361518714368
2.64, 0.6647293872376472, 0.008562541162737806, 0., 0., 0., 0.21473766888491852
2.65, 0.6650793071828711, 0.0052382880541283145, 0., 0., 0., 0.23652731825542672
2.66, 0.6653955983794475, 0.0018780310966068844, 0., 0., 0., 0.25725019023762585
2.67, 0.6656729780620106, -0.0015070833385004063, 0., 0., 0., 0.2767659592864961
2.68, 0.6659066327560916, -0.0049052515993357375, 0., 0., 0., 0.2949503335101429
2.69, 0.6660923167591739, -0.008303984807513097, 0., 0., 0., 0.31169786996596793
2.7, 0.6662264505093904, -0.011690101330026076, 0., 0., 0., 0.3269234531438983
2.71, 0.6663062159312956, -0.015049743826050439, 0., 0., 0., 0.34056247806373857
2.72, 0.6663296452093946, -0.018368424615733327, 0., 0., 0., 0.35256994098678973
2.73, 0.6662956989033687, -0.021631102333308026, 0., 0., 0., 0.3629187428671131
2.74, 0.6662043289694192, -0.024822291625927927, 0., 0., 0., 0.37159753008328916
2.75, 0.6660565221790412, -0.027926206043147328, 0., 0., 0., 0.3786083647617729
2.7600000000000002, 0.6658543197095581, -0.030926932287897464, 0., 0., 0., 0.38396444828045034
2.77, 0.6656008093736429, -0.033808631792264315, 0., 0., 0., 0.38768804310292165
2.7800000000000002, 0.6653000880685189, -0.036555763329710625, 0., 0., 0., 0.38980866617505583
2.79, 0.6649571935139672, -0.03915331831842956, 0., 0., 0., 0.3903615709917161
2.8000000000000003, 0.6645780061046234, -0.041587058866867824, 0., 0., 0., 0.3893864978386905
2.81, 0.664169123564551, -0.043843747698924705, 0., 0., 0., 0.386926651165556
2.82, 0.6637377128637157, -0.045911359043374456, 0., 0., 0., 0.3830278560137829
2.83, 0.6632913453344497, -0.04777926044592006, 0., 0., 0., 0.3777378478100823
2.84, 0.6628378219381141, -0.0494383572047126, 0., 0., 0., 0.3711056578400887
2.85, 0.6623849960647278, -0.050881193562165215, 0., 0., 0., 0.363181067248023
2.86, 0.6619406010678498, -0.05210200763611751, 0., 0., 0., 0.3540141131922693
2.87, 0.6615120889933541, -0.05309674002481281, 0., 0., 0., 0.34365464034537185
2.88, 0.6611064857743048, -0.05386299876354062, 0., 0., 0., 0.33215189847021115
2.89, 0.6607302667005528, -0.054399985592785256, 0., 0., 0., 0.31955419209537883
2.9, 0.660389254408315, -0.05470839015266699, 0., 0., 0., 0.30590859151282507
2.91, 0.660088540161888, -0.054790259683085006, 0., 0., 0., 0.2912607158916531
2.92, 0.6598324278331387, -0.054648852099120404, 0., 0., 0., 0.2756545995654865
2.93, 0.6596243991056626, -0.05428848005142417, 0., 0., 0., 0.25913265258997786
2.94, 0.6594670975483748, -0.05371435286073131, 0., 0., 0., 0.2417357259602884
2.95, 0.6593623289397776, -0.05293242224485719, 0., 0., 0., 0.22350329189844173
2.96, 0.6593110750178879, -0.05194923662933983, 0., 0., 0., 0.2044737495435507
2.97, 0.6593135179280116, -0.050771807696061357, 0., 0., 0., 0.18468486671881268
2.98, 0.6593690728698315, -0.04940749175505141, 0., 0., 0., 0.1641743687662916
2.99, 0.659476426775492, -0.04786388758177804, 0., 0., 0., 0.1429806853309065
3.0, 0.6596335812311813, -0.04614875157361565, 0., 0., 0., 0.12114386474541713
3.0100000000000002, 0.6598378982488092, -0.04426993045101988, 0., 0., 0., 0.09870666236090622
3.02, 0.6600861478753342, -0.04223531125173803, 0., 0., 0., 0.07571580254435309
3.0300000000000002, 0.660374556978249, -0.040052788020755535, 0., 0., 0., 0.05222340264815771
3.04, 0.6606988588575698, -0.037730244360084084, 0., 0., 0., 0.02828852948022824
3.0500000000000003, 0.6610543436037399, -0.03527555084455851, 0., 0., 0., 0.0039788333586452335
3.06, 0.6614359093469864, -0.03269657620665744, 0., 0., 0., -0.02062782870515905
3.0700000000000003, 0.6618381147283103, -0.03000121112070961, 0., 0., 0., -0.04544190938810345
3.08, 0.6622552330671044, -0.027197403352841616, 0., 0., 0., -0.07036099822697481
3.09, 0.6626813088061256, -0.024293202968262657, 0., 0., 0., -0.09526916716635797
3.1, 0.6631102168802683, -0.021296816185342602, 0., 0., 0., -0.12003705950634028
3.11, 0.6635357256781561, -0.018216666322678706, 0., 0., 0., -0.14452293034591696
3.12, 0.6639515642395142, -0.015061460090632958, 0., 0., 0., -0.16857478150020722
3.13, 0.6643514942488462, -0.01184025722657421, 0., 0., 0., -0.19203361518759865
3.14, 0.6647293872376392, -0.0085625411627556, 0., 0., 0., -0.2147376688853673
3.15, 0.6650793071828652, -0.0052382880541379274, 0., 0., 0., -0.2365273182558626
3.16, 0.6653955983794434, -0.001878031096609934, 0., 0., 0., -0.257250190238044
3.17, 0.6656729780620078, 0.0015070833385025504, 0., 0., 0., -0.2767659592868928
3.18, 0.6659066327560897, 0.004905251599341917, 0., 0., 0., -0.2949503335105157
3.19, 0.6660923167591727, 0.008303984807522334, 0., 0., 0., -0.3116978699663155
3.2, 0.6662264505093896, 0.011690101330037552, 0., 0., 0., -0.32692345314421983
3.21, 0.6663062159312949, 0.015049743826063479, 0., 0., 0., -0.34056247806403384
3.22, 0.6663296452093942, 0.018368424615747364, 0., 0., 0., -0.35256994098705935
3.23, 0.6662956989033683, 0.021631102333322605, 0., 0., 0., -0.3629187428673578
3.24, 0.6662043289694186, 0.024822291625942666, 0., 0., 0., -0.37159753008351015
3.25, 0.6660565221790405, 0.02792620604316213, 0., 0., 0., -0.3786083647619719
3.2600000000000002, 0.6658543197095573, 0.030926932287911747, 0., 0., 0., -0.3839644482806279
3.27, 0.665600809373642, 0.0338086317922781, 0., 0., 0., -0.3876880431030799
3.2800000000000002, 0.6653000880685179, 0.03655576332972377, 0., 0., 0., -0.3898086661751961
3.29, 0.6649571935139662, 0.039153318318441946, 0., 0., 0., -0.39036157099183993
3.3000000000000003, 0.6645780061046221, 0.0415870588668794, 0., 0., 0., -0.3893864978387995
3.31, 0.6641691235645498, 0.04384374769893549, 0., 0., 0., -0.3869266511656515
3.3200000000000003, 0.6637377128637145, 0.045911359043384496, 0., 0., 0., -0.38302785601386613
3.33, 0.6632913453344483, 0.047779260445929186, 0., 0., 0., -0.3777378478101548
3.34, 0.6628378219381128, 0.0494383572047209, 0., 0., 0., -0.3711056578401516
3.35, 0.6623849960647266, 0.050881193562172744, 0., 0., 0., -0.36318106724807736
3.36, 0.6619406010678486, 0.052102007636124305, 0., 0., 0., -0.3540141131923159
3.37, 0.6615120889933529, 0.05309674002481891, 0., 0., 0., -0.3436546403454117
3.38, 0.6611064857743036, 0.05386299876354607, 0., 0., 0., -0.3321518984702452
3.39, 0.6607302667005517, 0.05439998559279008, 0., 0., 0., -0.3195541920954077
3.4, 0.660389254408314, 0.05470839015267128, 0., 0., 0., -0.30590859151284944
3.41, 0.6600885401618871, 0.05479025968308879, 0., 0., 0., -0.29126071589167357
3.42, 0.6598324278331378, 0.05464885209912374, 0., 0., 0., -0.27565459956550353
3.43, 0.6596243991056618, 0.054288480051427085, 0., 0., 0., -0.2591326525899921
3.44, 0.6594670975483742, 0.05371435286073386, 0., 0., 0., -0.2417357259603001
3.45, 0.6593623289397771, 0.05293242224485941, 0., 0., 0., -0.22350329189845125
3.46, 0.6593110750178873, 0.05194923662934175, 0., 0., 0., -0.2044737495435584
3.47, 0.6593135179280111, 0.050771807696063015, 0., 0., 0., -0.1846848667188189
3.48, 0.659369072869831, 0.049407491755052824, 0., 0., 0., -0.16417436876629643
3.49, 0.6594764267754917, 0.047863887581779244, 0., 0., 0., -0.14298068533091016
3.5, 0.659633581231181, 0.046148751573616656, 0., 0., 0., -0.12114386474541985
3.5100000000000002, 0.659837898248809, 0.044269930451020754, 0., 0., 0., -0.09870666236090823
3.52, 0.6600861478753339, 0.04223531125173876, 0., 0., 0., -0.07571580254435446
3.5300000000000002, 0.6603745569782488, 0.04005278802075618, 0., 0., 0., -0.05222340264815868
3.54, 0.6606988588575697, 0.037730244360084604, 0., 0., 0., -0.028288529480228725
3.5500000000000003, 0.6610543436037398, 0.035275550844558905, 0., 0., 0., -0.003978833358645179
3.56, 0.6614359093469863, 0.03269657620665779, 0., 0., 0., 0.020627828705159144
3.5700000000000003, 0.6618381147283102, 0.03000121112070988, 0., 0., 0., 0.04544190938810382
3.58, 0.6622552330671044, 0.027197403352841872, 0., 0., 0., 0.0703609982269753
3.59, 0.6626813088061256, 0.02429320296826286, 0., 0., 0., 0.0952691671663588
3.6, 0.6631102168802683, 0.0212968161853427, 0., 0., 0., 0.12003705950634119
3.61, 0.6635357256781561, 0.018216666322678796, 0., 0., 0., 0.1445229303459179
3.62, 0.6639515642395142, 0.015061460090633022, 0., 0., 0., 0.16857478150020805
3.63, 0.6643514942488461, 0.011840257226574256, 0., 0., 0., 0.1920336151875996
3.64, 0.6647293872376392, 0.008562541162755679, 0., 0., 0., 0.21473766888536805
3.65, 0.6650793071828652, 0.005238288054137983, 0., 0., 0., 0.23652731825586332
3.66, 0.6653955983794434, 0.0018780310966099363, 0., 0., 0., 0.2572501902380448
3.67, 0.6656729780620078, -0.0015070833385025446, 0., 0., 0., 0.27676595928689346
3.68, 0.6659066327560896, -0.004905251599341921, 0., 0., 0., 0.2949503335105164
3.69, 0.6660923167591727, -0.008303984807522324, 0., 0., 0., 0.311697869966316
3.7, 0.6662264505093896, -0.011690101330037546, 0., 0., 0., 0.3269234531442203
3.71, 0.6663062159312949, -0.0150497438260635, 0., 0., 0., 0.34056247806403445
3.72, 0.6663296452093942, -0.018368424615747385, 0., 0., 0., 0.35256994098705985
3.73, 0.6662956989033683, -0.021631102333322626, 0., 0., 0., 0.3629187428673583
3.74, 0.6662043289694186, -0.024822291625942686, 0., 0., 0., 0.3715975300835105
3.75, 0.6660565221790405, -0.027926206043161983, 0., 0., 0., 0.37860836476197196
3.7600000000000002, 0.6658543197095573, -0.030926932287911768, 0., 0., 0., 0.38396444828062826
3.77, 0.665600809373642, -0.033808631792278124, 0., 0., 0., 0.3876880431030803
3.7800000000000002, 0.6653000880685179, -0.03655576332972378, 0., 0., 0., 0.38980866617519633
3.79, 0.6649571935139662, -0.03915331831844197, 0., 0., 0., 0.39036157099184027
3.8000000000000003, 0.6645780061046221, -0.041587058866879405, 0., 0., 0., 0.3893864978387997
3.81, 0.6641691235645498, -0.043843747698935495, 0., 0., 0., 0.3869266511656516
3.8200000000000003, 0.6637377128637145, -0.04591135904338451, 0., 0., 0., 0.38302785601386624
3.83, 0.6632913453344483, -0.04777926044592919, 0., 0., 0., 0.37773784781015496
3.84, 0.6628378219381128, -0.04943835720472091, 0., 0., 0., 0.37110565784015165
3.85, 0.6623849960647266, -0.05088119356217275, 0., 0., 0., 0.3631810672480774
3.86, 0.6619406010678486, -0.052102007636124305, 0., 0., 0., 0.354014113192316
3.87, 0.6615120889933529, -0.053096740024818914, 0., 0., 0., 0.3436546403454117
3.88, 0.6611064857743036, -0.053862998763546076, 0., 0., 0., 0.3321518984702453
3.89, 0.6607302667005517, -0.05439998559279009, 0., 0., 0., 0.31955419209540786
3.9, 0.660389254408314, -0.05470839015267129, 0., 0., 0., 0.3059085915128495
3.91, 0.6600885401618871, -0.0547902596830888, 0., 0., 0., 0.2912607158916737
3.92, 0.6598324278331378, -0.05464885209912375, 0., 0., 0., 0.2756545995655036
3.93, 0.6596243991056618, -0.054288480051427085, 0., 0., 0., 0.2591326525899921
3.94, 0.6594670975483742, -0.05371435286073388, 0., 0., 0., 0.24173572596030032
3.95, 0.6593623289397771, -0.05293242224485941, 0., 0., 0., 0.2235032918984512
3.96, 0.6593110750178873, -0.05194923662934175, 0., 0., 0., 0.20447374954355846
3.97, 0.6593135179280111, -0.05077180769606302, 0., 0., 0., 0.18468486671881898
3.98, 0.659369072869831, -0.049407491755052824, 0., 0., 0., 0.1641743687662965
3.99, 0.6594764267754917, -0.047863887581779244, 0., 0., 0., 0.14298068533091038
4.0, 0.659633581231181, -0.046148751573616656, 0., 0., 0., 0.12114386474541998
4.01, 0.659837898248809, -0.04426993045102085, 0., 0., 0., 0.0987066623609094
4.0200000000000005, 0.6600861478753339, -0.042235311251738655, 0., 0., 0., 0.07571580254435338
4.03, 0.6603745569782488, -0.040052788020756167, 0., 0., 0., 0.052223402648158466
4.04, 0.6606988588575697, -0.03773024436008461, 0., 0., 0., 0.028288529480228797
4.05, 0.6610543436037398, -0.03527555084455906, 0., 0., 0., 0.003978833358646662
4.0600000000000005, 0.6614359093469863, -0.0326965762066578, 0., 0., 0., -0.02062782870515908
4.07, 0.6618381147283102, -0.03000121112070988, 0., 0., 0., -0.04544190938810379
4.08, 0.6622552330671044, -0.027197403352841883, 0., 0., 0., -0.07036099822697522
4.09, 0.6626813088061256, -0.02429320296826286, 0., 0., 0., -0.09526916716635876
4.1, 0.6631102168802683, -0.021296816185342893, 0., 0., 0., -0.12003705950633951
4.11, 0.6635357256781561, -0.01821666632267864, 0., 0., 0., -0.14452293034591915
4.12, 0.6639515642395142, -0.015061460090633033, 0., 0., 0., -0.168574781500208
4.13, 0.6643514942488461, -0.011840257226574266, 0., 0., 0., -0.1920336151875995
4.14, 0.6647293872376391, -0.008562541162755875, 0., 0., 0., -0.2147376688853668
4.15, 0.6650793071828652, -0.0052382880541377965, 0., 0., 0., -0.23652731825586457
4.16, 0.6653955983794434, -0.001878031096609941, 0., 0., 0., -0.2572501902380447
4.17, 0.6656729780620078, 0.0015070833385025376, 0., 0., 0., -0.2767659592868934
4.18, 0.6659066327560896, 0.004905251599341718, 0., 0., 0., -0.29495033351051536
4.19, 0.6660923167591727, 0.008303984807522513, 0., 0., 0., -0.3116978699663169
4.2, 0.6662264505093896, 0.011690101330037539, 0., 0., 0., -0.3269234531442203
4.21, 0.6663062159312949, 0.015049743826063494, 0., 0., 0., -0.34056247806403445
4.22, 0.6663296452093942, 0.018368424615747194, 0., 0., 0., -0.35256994098705924
4.23, 0.6662956989033683, 0.021631102333322803, 0., 0., 0., -0.36291874286735887
4.24, 0.6662043289694186, 0.024822291625942683, 0., 0., 0., -0.3715975300835105
4.25, 0.6660565221790405, 0.027926206043162146, 0., 0., 0., -0.3786083647619723
4.26, 0.6658543197095574, 0.0309269322879116, 0., 0., 0., -0.3839644482806281
4.2700000000000005, 0.665600809373642, 0.033808631792278276, 0., 0., 0., -0.38768804310308047
4.28, 0.6653000880685179, 0.036555763329723774, 0., 0., 0., -0.38980866617519633
4.29, 0.6649571935139662, 0.03915331831844197, 0., 0., 0., -0.39036157099184027
4.3, 0.6645780061046221, 0.041587058866879405, 0., 0., 0., -0.3893864978387997
4.3100000000000005, 0.6641691235645498, 0.04384374769893561, 0., 0., 0., -0.3869266511656515
4.32, 0.6637377128637145, 0.04591135904338452, 0., 0., 0., -0.3830278560138663
4.33, 0.6632913453344483, 0.047779260445929186, 0., 0., 0., -0.3777378478101549
4.34, 0.6628378219381128, 0.0494383572047209, 0., 0., 0., -0.37110565784015165
4.3500000000000005, 0.6623849960647266, 0.050881193562172744, 0., 0., 0., -0.3631810672480774
4.36, 0.6619406010678486, 0.05210200763612437, 0., 0., 0., -0.3540141131923156
4.37, 0.6615120889933529, 0.053096740024818914, 0., 0., 0., -0.34365464034541177
4.38, 0.6611064857743036, 0.05386299876354608, 0., 0., 0., -0.33215189847024534
4.39, 0.6607302667005517, 0.05439998559279007, 0., 0., 0., -0.31955419209540853
4.4, 0.660389254408314, 0.054708390152671316, 0., 0., 0., -0.30590859151284877
4.41, 0.6600885401618871, 0.0547902596830888, 0., 0., 0., -0.2912607158916737
4.42, 0.6598324278331378, 0.05464885209912374, 0., 0., 0., -0.2756545995655036
4.43, 0.6596243991056618, 0.05428848005142712, 0., 0., 0., -0.25913265258999324
4.44, 0.6594670975483742, 0.05371435286073384, 0., 0., 0., -0.24173572596029927
4.45, 0.6593623289397771, 0.05293242224485942, 0., 0., 0., -0.22350329189845125
4.46, 0.6593110750178873, 0.05194923662934175, 0., 0., 0., -0.2044737495435585
4.47, 0.6593135179280111, 0.0507718076960631, 0., 0., 0., -0.18468486671882017
4.48, 0.659369072869831, 0.04940749175505274, 0., 0., 0., -0.16417436876629526
4.49, 0.6594764267754917, 0.04786388758177925, 0., 0., 0., -0.14298068533091043
4.5, 0.659633581231181, 0.04614875157361666, 0., 0., 0., -0.12114386474542004
4.51, 0.659837898248809, 0.04426993045102085, 0., 0., 0., -0.09870666236090943
4.5200000000000005, 0.6600861478753339, 0.042235311251738655, 0., 0., 0., -0.07571580254435342
4.53, 0.6603745569782488, 0.04005278802075618, 0., 0., 0., -0.05222340264815855
4.54, 0.6606988588575697, 0.03773024436008461, 0., 0., 0., -0.028288529480228825
4.55, 0.6610543436037398, 0.03527555084455906, 0., 0., 0., -0.003978833358646698
4.5600000000000005, 0.6614359093469863, 0.03269657620665781, 0., 0., 0., 0.020627828705159036
4.57, 0.6618381147283102, 0.030001211120709873, 0., 0., 0., 0.045441909388103774
4.58, 0.6622552330671044, 0.027197403352841893, 0., 0., 0., 0.07036099822697517
4.59, 0.6626813088061256, 0.02429320296826287, 0., 0., 0., 0.09526916716635869
4.6000000000000005, 0.6631102168802683, 0.021296816185342543, 0., 0., 0., 0.12003705950634248
4.61, 0.6635357256781561, 0.018216666322678644, 0., 0., 0., 0.14452293034591912
4.62, 0.6639515642395142, 0.015061460090633036, 0., 0., 0., 0.1685747815002079
4.63, 0.6643514942488461, 0.011840257226574271, 0., 0., 0., 0.19203361518759948
4.64, 0.6647293872376391, 0.008562541162755883, 0., 0., 0., 0.21473766888536674
4.65, 0.6650793071828652, 0.005238288054137806, 0., 0., 0., 0.23652731825586448
4.66, 0.6653955983794434, 0.0018780310966099467, 0., 0., 0., 0.2572501902380447
4.67, 0.6656729780620078, -0.0015070833385025296, 0., 0., 0., 0.27676595928689335
4.68, 0.6659066327560896, -0.004905251599341711, 0., 0., 0., 0.29495033351051536
4.69, 0.6660923167591727, -0.008303984807522504, 0., 0., 0., 0.3116978699663168
4.7, 0.6662264505093896, -0.011690101330037532, 0., 0., 0., 0.3269234531442203
4.71, 0.6663062159312949, -0.015049743826063488, 0., 0., 0., 0.3405624780640344
4.72, 0.6663296452093942, -0.018368424615747187, 0., 0., 0., 0.3525699409870591
4.73, 0.6662956989033683, -0.021631102333322796, 0., 0., 0., 0.36291874286735887
4.74, 0.6662043289694186, -0.024822291625942676, 0., 0., 0., 0.3715975300835105
4.75, 0.6660565221790405, -0.027926206043161966, 0., 0., 0., 0.3786083647619719
4.76, 0.6658543197095574, -0.030926932287911595, 0., 0., 0., 0.3839644482806281
4.7700000000000005, 0.665600809373642, -0.03380863179227827, 0., 0., 0., 0.3876880431030804
4.78, 0.6653000880685179, -0.03655576332972377, 0., 0., 0., 0.38980866617519633
4.79, 0.6649571935139662, -0.03915331831844196, 0., 0., 0., 0.39036157099184027
4.8, 0.6645780061046221, -0.041587058866879405, 0., 0., 0., 0.3893864978387997
4.8100000000000005, 0.6641691235645498, -0.04384374769893561, 0., 0., 0., 0.38692665116565156
4.82, 0.6637377128637145, -0.04591135904338451, 0., 0., 0., 0.38302785601386624
4.83, 0.6632913453344483, -0.04777926044592918, 0., 0., 0., 0.3777378478101549
4.84, 0.6628378219381128, -0.04943835720472091, 0., 0., 0., 0.37110565784015165
4.8500000000000005, 0.6623849960647266, -0.050881193562172744, 0., 0., 0., 0.36318106724807747
4.86, 0.6619406010678486, -0.05210200763612436, 0., 0., 0., 0.35401411319231557
4.87, 0.6615120889933529, -0.05309674002481891, 0., 0., 0., 0.34365464034541177
4.88, 0.6611064857743036, -0.053862998763546076, 0., 0., 0., 0.33215189847024534
4.89, 0.6607302667005517, -0.05439998559279008, 0., 0., 0., 0.3195541920954086
4.9, 0.660389254408314, -0.054708390152671316, 0., 0., 0., 0.30590859151284877
4.91, 0.6600885401618871, -0.0547902596830888, 0., 0., 0., 0.29126071589167374
4.92, 0.6598324278331378, -0.05464885209912374, 0., 0., 0., 0.27565459956550364
4.93, 0.6596243991056618, -0.05428848005142711, 0., 0., 0., 0.25913265258999324
4.94, 0.6594670975483742, -0.053714352860733845, 0., 0., 0., 0.24173572596029932
4.95, 0.6593623289397771, -0.05293242224485942, 0., 0., 0., 0.22350329189845128
4.96, 0.6593110750178873, -0.051949236629341734, 0., 0., 0., 0.20447374954355846
4.97, 0.6593135179280111, -0.0507718076960631, 0., 0., 0., 0.18468486671882017
4.98, 0.659369072869831, -0.04940749175505274, 0., 0., 0., 0.16417436876629532
4.99, 0.6594764267754917, -0.04786388758177925, 0., 0., 0., 0.14298068533091046
