0,0,0.2,0,0,0.125,
0,0.125,0.2,0,0.2,0.1,
0,0.125,0.2,0.1,0,0.25,
0,0.25,0.2,0.1,0.2,0.2,
0,0.25,0.2,0.2,0,0.375,
0,0.375,0.2,0.2,0.2,0.3,
0,0.375,0.2,0.3,0,0.5,
0,0.5,0.2,0.3,0.2,0.4,
0,0.5,0.2,0.4,0,0.625,
0,0.625,0.2,0.4,0.2,0.5,
0,0.625,0.2,0.5,0,0.75,
0,0.75,0.2,0.5,0.2,0.6,
0,0.75,0.2,0.6,0,0.875,
0,0.875,0.2,0.6,0.2,0.7,
0,0.875,0.2,0.7,0,1,
0,1,0.2,0.7,0.2,0.8,
0.2,0,0.4,0,0.2,0.1,
0.2,0.1,0.4,0,0.4,0.075,
0.2,0.1,0.4,0.075,0.2,0.2,
0.2,0.2,0.4,0.075,0.4,0.15,
0.2,0.2,0.4,0.15,0.2,0.3,
0.2,0.3,0.4,0.15,0.4,0.225,
0.2,0.3,0.4,0.225,0.2,0.4,
0.2,0.4,0.4,0.225,0.4,0.3,
0.2,0.4,0.4,0.3,0.2,0.5,
0.2,0.5,0.4,0.3,0.4,0.375,
0.2,0.5,0.4,0.375,0.2,0.6,
0.2,0.6,0.4,0.375,0.4,0.45,
0.2,0.6,0.4,0.45,0.2,0.7,
0.2,0.7,0.4,0.45,0.4,0.525,
0.2,0.7,0.4,0.525,0.2,0.8,
0.2,0.8,0.4,0.525,0.4,0.6,
0.4,0,0.6,0,0.4,0.075,
0.4,0.075,0.6,0,0.6,0.05,
0.4,0.075,0.6,0.05,0.4,0.15,
0.4,0.15,0.6,0.05,0.6,0.1,
0.4,0.15,0.6,0.1,0.4,0.225,
0.4,0.225,0.6,0.1,0.6,0.15,
0.4,0.225,0.6,0.15,0.4,0.3,
0.4,0.3,0.6,0.15,0.6,0.2,
0.4,0.3,0.6,0.2,0.4,0.375,
0.4,0.375,0.6,0.2,0.6,0.25,
0.4,0.375,0.6,0.25,0.4,0.45,
0.4,0.45,0.6,0.25,0.6,0.3,
0.4,0.45,0.6,0.3,0.4,0.525,
0.4,0.525,0.6,0.3,0.6,0.35,
0.4,0.525,0.6,0.35,0.4,0.6,
0.4,0.6,0.6,0.35,0.6,0.4,
0.6,0,0.8,0,0.6,0.05,
0.6,0.05,0.8,0,0.8,0.025,
0.6,0.05,0.8,0.025,0.6,0.1,
0.6,0.1,0.8,0.025,0.8,0.05,
0.6,0.1,0.8,0.05,0.6,0.15,
0.6,0.15,0.8,0.05,0.8,0.075,
0.6,0.15,0.8,0.075,0.6,0.2,
0.6,0.2,0.8,0.075,0.8,0.1,
0.6,0.2,0.8,0.1,0.6,0.25,
0.6,0.25,0.8,0.1,0.8,0.125,
0.6,0.25,0.8,0.125,0.6,0.3,
0.6,0.3,0.8,0.125,0.8,0.15,
0.6,0.3,0.8,0.15,0.6,0.35,
0.6,0.35,0.8,0.15,0.8,0.175,
0.6,0.35,0.8,0.175,0.6,0.4,
0.6,0.4,0.8,0.175,0.8,0.2,
0.8,0,1,0,0.8,0.025,
0.8,0.025,1,0,1,0,
0.8,0.025,1,0,0.8,0.05,
0.8,0.05,1,0,1,0,
0.8,0.05,1,0,0.8,0.075,
0.8,0.075,1,0,1,0,
0.8,0.075,1,0,0.8,0.1,
0.8,0.1,1,0,1,0,
0.8,0.1,1,0,0.8,0.125,
0.8,0.125,1,0,1,0,
0.8,0.125,1,0,0.8,0.15,
0.8,0.15,1,0,1,0,
0.8,0.15,1,0,0.8,0.175,
0.8,0.175,1,0,1,0,
0.8,0.175,1,0,0.8,0.2,
0.8,0.2,1,0,1,0,
