# x y z
0 2 -1
0.02 1.9208 -0.9016
0.04 1.8432 -0.8064
0.06 1.7672 -0.7144
0.08 1.6928 -0.6256
0.1 1.62 -0.54
0.12 1.5488 -0.4576
0.14 1.4792 -0.3784
0.16 1.4112 -0.3024
0.18 1.3448 -0.2296
0.2 1.28 -0.16
0.22 1.2168 -0.0936
0.24 1.1552 -0.0304
0.26 1.0952 0.0296
0.28 1.0368 0.0864
0.3 0.98 0.14
0.32 0.9248 0.1904
0.34 0.8712 0.2376
0.36 0.8192 0.2816
0.38 0.7688 0.3224
0.4 0.72 0.36
0.42 0.6728 0.3944
0.44 0.6272 0.4256
0.46 0.5832 0.4536
0.48 0.5408 0.4784
0.5 0.5 0.5
0.52 0.4608 0.5184
0.54 0.4232 0.5336
0.56 0.3872 0.5456
0.58 0.3528 0.5544
0.6 0.32 0.56
0.62 0.2888 0.5624
0.64 0.2592 0.5616
0.66 0.2312 0.5576
0.68 0.2048 0.5504
0.7 0.18 0.54
0.72 0.1568 0.5264
0.74 0.1352 0.5096
0.76 0.1152 0.4896
0.78 0.0968 0.4664
0.8 0.08 0.44
0.82 0.0648 0.4104
0.84 0.0512 0.3776
0.86 0.0392 0.3416
0.88 0.0288 0.3024
0.9 0.02 0.26
0.92 0.0128 0.2144
0.94 0.0072 0.1656
0.96 0.0032 0.1136
0.98 0.0008 0.0584
1 0 0

0 1.9208 -0.9016
0.0196 1.84474 -0.807489
0.0392 1.77021 -0.716451
0.0588 1.69722 -0.628486
0.0784 1.62577 -0.543594
0.098 1.55585 -0.461776
0.1176 1.48747 -0.383031
0.1372 1.42062 -0.307359
0.1568 1.35532 -0.234761
0.1764 1.29155 -0.165236
0.196 1.22931 -0.098784
0.2156 1.16861 -0.0354054
0.2352 1.10945 0.0248998
0.2548 1.05183 0.0821318
0.2744 0.995743 0.136291
0.294 0.941192 0.187376
0.3136 0.888178 0.235388
0.3332 0.8367 0.280327
0.3528 0.78676 0.322193
0.3724 0.738356 0.360985
0.392 0.691488 0.396704
0.4116 0.646157 0.42935
0.4312 0.602363 0.458922
0.4508 0.560105 0.485421
0.4704 0.519384 0.508847
0.49 0.4802 0.5292
0.5096 0.442552 0.546479
0.5292 0.406441 0.560685
0.5488 0.371867 0.571818
0.5684 0.338829 0.579878
0.588 0.307328 0.584864
0.6076 0.277364 0.586777
0.6272 0.248936 0.585617
0.6468 0.222044 0.581383
0.6664 0.19669 0.574076
0.686 0.172872 0.563696
0.7056 0.150591 0.550243
0.7252 0.129846 0.533716
0.7448 0.110638 0.514116
0.7644 0.0929667 0.491443
0.784 0.076832 0.465696
0.8036 0.0622339 0.436876
0.8232 0.0491725 0.404983
0.8428 0.0376477 0.370017
0.8624 0.0276595 0.331977
0.882 0.019208 0.290864
0.9016 0.0122931 0.246678
0.9212 0.00691488 0.199418
0.9408 0.00307328 0.149085
0.9604 0.00076832 0.0956794
0.98 0 0.0392

0 1.8432 -0.8064
0.0192 1.77021 -0.716483
0.0384 1.69869 -0.629514
0.0576 1.62865 -0.545495
0.0768 1.56008 -0.464425
0.096 1.49299 -0.386304
0.1152 1.42737 -0.311132
0.1344 1.36323 -0.238909
0.1536 1.30056 -0.169636
0.1728 1.23937 -0.103311
0.192 1.17965 -0.039936
0.2112 1.1214 0.0204902
0.2304 1.06463 0.0779674
0.2496 1.00934 0.132495
0.2688 0.955515 0.184074
0.288 0.903168 0.232704
0.3072 0.852296 0.278385
0.3264 0.802898 0.321116
0.3456 0.754975 0.360899
0.3648 0.708526 0.397732
0.384 0.663552 0.431616
0.4032 0.620052 0.462551
0.4224 0.578028 0.490537
0.4416 0.537477 0.515574
0.4608 0.498401 0.537661
0.48 0.4608 0.5568
0.4992 0.424673 0.572989
0.5184 0.390021 0.58623
0.5376 0.356844 0.596521
0.5568 0.32514 0.603863
0.576 0.294912 0.608256
0.5952 0.266158 0.6097
0.6144 0.238879 0.608195
0.6336 0.213074 0.60374
0.6528 0.188744 0.596337
0.672 0.165888 0.585984
0.6912 0.144507 0.572682
0.7104 0.1246 0.556431
0.7296 0.106168 0.537231
0.7488 0.0892109 0.515082
0.768 0.073728 0.489984
0.7872 0.0597197 0.461937
0.8064 0.0471859 0.43094
0.8256 0.0361267 0.396995
0.8448 0.0265421 0.3601
0.864 0.018432 0.320256
0.8832 0.0117965 0.277463
0.9024 0.00663552 0.231721
0.9216 0.00294912 0.18303
0.9408 0.00073728 0.131389
0.96 0 0.0768

0 1.7672 -0.7144
0.0188 1.69722 -0.628582
0.0376 1.62865 -0.545591
0.0564 1.5615 -0.465428
0.0752 1.49576 -0.388092
0.094 1.43143 -0.313584
0.1128 1.36852 -0.241903
0.1316 1.30702 -0.17305
0.1504 1.24694 -0.107025
0.1692 1.18827 -0.0438266
0.188 1.13101 0.016544
0.2068 1.07516 0.074087
0.2256 1.02073 0.128803
0.2444 0.967719 0.180691
0.2632 0.916116 0.229751
0.282 0.865928 0.275984
0.3008 0.817153 0.319389
0.3196 0.769792 0.359967
0.3384 0.723845 0.397718
0.3572 0.679312 0.432641
0.376 0.636192 0.464736
0.3948 0.594486 0.494004
0.4136 0.554194 0.520444
0.4324 0.515316 0.544057
0.4512 0.477851 0.564842
0.47 0.4418 0.5828
0.4888 0.407163 0.59793
0.5076 0.37394 0.610233
0.5264 0.34213 0.619708
0.5452 0.311734 0.626356
0.564 0.282752 0.630176
0.5828 0.255184 0.631169
0.6016 0.229029 0.629334
0.6204 0.204288 0.624671
0.6392 0.180961 0.617181
0.658 0.159048 0.606864
0.6768 0.138548 0.593719
0.6956 0.119463 0.577747
0.7144 0.101791 0.558947
0.7332 0.0855325 0.537319
0.752 0.070688 0.512864
0.7708 0.0572573 0.485581
0.7896 0.0452403 0.455471
0.8084 0.0346371 0.422534
0.8272 0.0254477 0.386769
0.846 0.017672 0.348176
0.8648 0.0113101 0.306756
0.8836 0.00636192 0.262508
0.9024 0.00282752 0.215433
0.9212 0.00070688 0.16553
0.94 0 0.1128

0 1.6928 -0.6256
0.0184 1.62577 -0.543786
0.0368 1.56008 -0.464681
0.0552 1.49576 -0.388284
0.0736 1.43279 -0.314596
0.092 1.37117 -0.243616
0.1104 1.3109 -0.175345
0.1288 1.25199 -0.109782
0.1472 1.19444 -0.0469274
0.1656 1.13824 0.0132186
0.184 1.08339 0.070656
0.2024 1.0299 0.125385
0.2208 0.977761 0.177405
0.2392 0.926977 0.226717
0.2576 0.877548 0.273321
0.276 0.829472 0.317216
0.2944 0.782751 0.358403
0.3128 0.737384 0.396881
0.3312 0.693371 0.43265
0.3496 0.650712 0.465711
0.368 0.609408 0.496064
0.3864 0.569458 0.523708
0.4048 0.530862 0.548644
0.4232 0.49362 0.570871
0.4416 0.457733 0.59039
0.46 0.4232 0.6072
0.4784 0.390021 0.621302
0.4968 0.358196 0.632695
0.5152 0.327726 0.64138
0.5336 0.29861 0.647356
0.552 0.270848 0.650624
0.5704 0.24444 0.651183
0.5888 0.219387 0.649034
0.6072 0.195688 0.644177
0.6256 0.173343 0.636611
0.644 0.152352 0.626336
0.6624 0.132716 0.613353
0.6808 0.114433 0.597661
0.6992 0.0975053 0.579261
0.7176 0.0819315 0.558153
0.736 0.067712 0.534336
0.7544 0.0548467 0.507811
0.7728 0.0433357 0.478577
0.7912 0.0331789 0.446634
0.8096 0.0243763 0.411983
0.828 0.016928 0.374624
0.8464 0.0108339 0.334556
0.8648 0.00609408 0.29178
0.8832 0.00270848 0.246295
0.9016 0.00067712 0.198102
0.92 0 0.1472

0 1.62 -0.54
0.018 1.55585 -0.462096
0.036 1.49299 -0.386784
0.054 1.43143 -0.314064
0.072 1.37117 -0.243936
0.09 1.3122 -0.1764
0.108 1.25453 -0.111456
0.126 1.19815 -0.049104
0.144 1.14307 0.010656
0.162 1.08929 0.067824
0.18 1.0368 0.1224
0.198 0.985608 0.174384
0.216 0.935712 0.223776
0.234 0.887112 0.270576
0.252 0.839808 0.314784
0.27 0.7938 0.3564
0.288 0.749088 0.395424
0.306 0.705672 0.431856
0.324 0.663552 0.465696
0.342 0.622728 0.496944
0.36 0.5832 0.5256
0.378 0.544968 0.551664
0.396 0.508032 0.575136
0.414 0.472392 0.596016
0.432 0.438048 0.614304
0.45 0.405 0.63
0.468 0.373248 0.643104
0.486 0.342792 0.653616
0.504 0.313632 0.661536
0.522 0.285768 0.666864
0.54 0.2592 0.6696
0.558 0.233928 0.669744
0.576 0.209952 0.667296
0.594 0.187272 0.662256
0.612 0.165888 0.654624
0.63 0.1458 0.6444
0.648 0.127008 0.631584
0.666 0.109512 0.616176
0.684 0.093312 0.598176
0.702 0.078408 0.577584
0.72 0.0648 0.5544
0.738 0.052488 0.528624
0.756 0.041472 0.500256
0.774 0.031752 0.469296
0.792 0.023328 0.435744
0.81 0.0162 0.3996
0.828 0.010368 0.360864
0.846 0.005832 0.319536
0.864 0.002592 0.275616
0.882 0.000648 0.229104
0.9 0 0.18

0 1.5488 -0.4576
0.0176 1.48747 -0.383511
0.0352 1.42737 -0.3119
0.0528 1.36852 -0.242767
0.0704 1.3109 -0.176113
0.088 1.25453 -0.111936
0.1056 1.19939 -0.0502374
0.1232 1.14549 0.00898304
0.1408 1.09283 0.0657254
0.1584 1.04141 0.11999
0.176 0.991232 0.171776
0.1936 0.94229 0.221084
0.2112 0.894587 0.267914
0.2288 0.848123 0.312266
0.2464 0.802898 0.35414
0.264 0.758912 0.393536
0.2816 0.716165 0.430454
0.2992 0.674657 0.464893
0.3168 0.634388 0.496855
0.3344 0.595359 0.526339
0.352 0.557568 0.553344
0.3696 0.521016 0.577871
0.3872 0.485704 0.599921
0.4048 0.45163 0.619492
0.4224 0.418796 0.636585
0.44 0.3872 0.6512
0.4576 0.356844 0.663337
0.4752 0.327726 0.672996
0.4928 0.299848 0.680177
0.5104 0.273208 0.684879
0.528 0.247808 0.687104
0.5456 0.223647 0.686851
0.5632 0.200724 0.684119
0.5808 0.179041 0.678909
0.5984 0.158597 0.671222
0.616 0.139392 0.661056
0.6336 0.121426 0.648412
0.6512 0.104699 0.63329
0.6688 0.0892109 0.61569
0.6864 0.0749619 0.595612
0.704 0.061952 0.573056
0.7216 0.0501811 0.548022
0.7392 0.0396493 0.520509
0.7568 0.0303565 0.490519
0.7744 0.0223027 0.458051
0.792 0.015488 0.423104
0.8096 0.00991232 0.385679
0.8272 0.00557568 0.345777
0.8448 0.00247808 0.303396
0.8624 0.00061952 0.258537
0.88 0 0.2112

0 1.4792 -0.3784
0.0172 1.42062 -0.308031
0.0344 1.36323 -0.240029
0.0516 1.30702 -0.174394
0.0688 1.25199 -0.111126
0.086 1.19815 -0.050224
0.1032 1.14549 0.00831104
0.1204 1.09402 0.0644794
0.1376 1.04372 0.118281
0.1548 0.994614 0.169716
0.172 0.946688 0.218784
0.1892 0.899945 0.265485
0.2064 0.854386 0.30982
0.2236 0.81001 0.351788
0.2408 0.766817 0.391389
0.258 0.724808 0.428624
0.2752 0.683982 0.463492
0.2924 0.64434 0.495993
0.3096 0.60588 0.526127
0.3268 0.568604 0.553895
0.344 0.532512 0.579296
0.3612 0.497603 0.60233
0.3784 0.463877 0.622998
0.3956 0.431335 0.641299
0.4128 0.399976 0.657233
0.43 0.3698 0.6708
0.4472 0.340808 0.682001
0.4644 0.312999 0.690835
0.4816 0.286373 0.697302
0.4988 0.260931 0.701402
0.516 0.236672 0.703136
0.5332 0.213596 0.702503
0.5504 0.191704 0.699503
0.5676 0.170996 0.694137
0.5848 0.15147 0.686404
0.602 0.133128 0.676304
0.6192 0.115969 0.663837
0.6364 0.0999939 0.649004
0.6536 0.0852019 0.631804
0.6708 0.0715933 0.612237
0.688 0.059168 0.590304
0.7052 0.0479261 0.566004
0.7224 0.0378675 0.539337
0.7396 0.0289923 0.510303
0.7568 0.0213005 0.478903
0.774 0.014792 0.445136
0.7912 0.00946688 0.409002
0.8084 0.00532512 0.370502
0.8256 0.00236672 0.329635
0.8428 0.00059168 0.286401
0.86 0 0.2408

0 1.4112 -0.3024
0.0168 1.35532 -0.235657
0.0336 1.30056 -0.171172
0.0504 1.24694 -0.108945
0.0672 1.19444 -0.0489754
0.084 1.14307 0.008736
0.1008 1.09283 0.0641894
0.1176 1.04372 0.117385
0.1344 0.995743 0.168323
0.1512 0.948891 0.217002
0.168 0.903168 0.263424
0.1848 0.858574 0.307588
0.2016 0.815109 0.349494
0.2184 0.772773 0.389142
0.2352 0.731566 0.426532
0.252 0.691488 0.461664
0.2688 0.652539 0.494538
0.2856 0.614719 0.525155
0.3024 0.578028 0.553513
0.3192 0.542465 0.579613
0.336 0.508032 0.603456
0.3528 0.474728 0.625041
0.3696 0.442552 0.644367
0.3864 0.411506 0.661436
0.4032 0.381588 0.676247
0.42 0.3528 0.6888
0.4368 0.32514 0.699095
0.4536 0.29861 0.707132
0.4704 0.273208 0.712911
0.4872 0.248936 0.716433
0.504 0.225792 0.717696
0.5208 0.203777 0.716701
0.5376 0.182892 0.713449
0.5544 0.163135 0.707939
0.5712 0.144507 0.70017
0.588 0.127008 0.690144
0.6048 0.110638 0.67786
0.6216 0.0953971 0.663318
0.6384 0.0812851 0.646518
0.6552 0.0683021 0.62746
0.672 0.056448 0.606144
0.6888 0.0457229 0.58257
0.7056 0.0361267 0.556739
0.7224 0.0276595 0.528649
0.7392 0.0203213 0.498301
0.756 0.014112 0.465696
0.7728 0.00903168 0.430833
0.7896 0.00508032 0.393711
0.8064 0.00225792 0.354332
0.8232 0.00056448 0.312695
0.84 0 0.2688

0 1.3448 -0.2296
0.0164 1.29155 -0.166388
0.0328 1.23937 -0.105327
0.0492 1.18827 -0.0464186
0.0656 1.13824 0.0103386
0.082 1.08929 0.064944
0.0984 1.04141 0.117398
0.1148 0.994614 0.1677
0.1312 0.948891 0.21585
0.1476 0.904244 0.261849
0.164 0.860672 0.305696
0.1804 0.818176 0.347391
0.1968 0.776756 0.386935
0.2132 0.736412 0.424327
0.2296 0.697144 0.459567
0.246 0.658952 0.492656
0.2624 0.621836 0.523593
0.2788 0.585795 0.552378
0.2952 0.55083 0.579012
0.3116 0.516941 0.603494
0.328 0.484128 0.625824
0.3444 0.452391 0.646003
0.3608 0.421729 0.664029
0.3772 0.392144 0.679905
0.3936 0.363634 0.693628
0.41 0.3362 0.7052
0.4264 0.309842 0.71462
0.4428 0.28456 0.721889
0.4592 0.260353 0.727005
0.4756 0.237223 0.729971
0.492 0.215168 0.730784
0.5084 0.194189 0.729446
0.5248 0.174286 0.725956
0.5412 0.155459 0.720314
0.5576 0.137708 0.712521
0.574 0.121032 0.702576
0.5904 0.105432 0.690479
0.6068 0.0909085 0.676231
0.6232 0.0774605 0.659831
0.6396 0.0650883 0.641279
0.656 0.053792 0.620576
0.6724 0.0435715 0.597721
0.6888 0.0344269 0.572714
0.7052 0.0263581 0.545556
0.7216 0.0193651 0.516246
0.738 0.013448 0.484784
0.7544 0.00860672 0.451171
0.7708 0.00484128 0.415405
0.7872 0.00215168 0.377489
0.8036 0.00053792 0.33742
0.82 0 0.2952

0 1.28 -0.16
0.016 1.22931 -0.100224
0.032 1.17965 -0.042496
0.048 1.13101 0.013184
0.064 1.08339 0.066816
0.08 1.0368 0.1184
0.096 0.991232 0.167936
0.112 0.946688 0.215424
0.128 0.903168 0.260864
0.144 0.860672 0.304256
0.16 0.8192 0.3456
0.176 0.778752 0.384896
0.192 0.739328 0.422144
0.208 0.700928 0.457344
0.224 0.663552 0.490496
0.24 0.6272 0.5216
0.256 0.591872 0.550656
0.272 0.557568 0.577664
0.288 0.524288 0.602624
0.304 0.492032 0.625536
0.32 0.4608 0.6464
0.336 0.430592 0.665216
0.352 0.401408 0.681984
0.368 0.373248 0.696704
0.384 0.346112 0.709376
0.4 0.32 0.72
0.416 0.294912 0.728576
0.432 0.270848 0.735104
0.448 0.247808 0.739584
0.464 0.225792 0.742016
0.48 0.2048 0.7424
0.496 0.184832 0.740736
0.512 0.165888 0.737024
0.528 0.147968 0.731264
0.544 0.131072 0.723456
0.56 0.1152 0.7136
0.576 0.100352 0.701696
0.592 0.086528 0.687744
0.608 0.073728 0.671744
0.624 0.061952 0.653696
0.64 0.0512 0.6336
0.656 0.041472 0.611456
0.672 0.032768 0.587264
0.688 0.025088 0.561024
0.704 0.018432 0.532736
0.72 0.0128 0.5024
0.736 0.008192 0.470016
0.752 0.004608 0.435584
0.768 0.002048 0.399104
0.784 0.000512 0.360576
0.8 0 0.32

0 1.2168 -0.0936
0.0156 1.16861 -0.0371654
0.0312 1.1214 0.0173222
0.0468 1.07516 0.069863
0.0624 1.0299 0.120457
0.078 0.985608 0.169104
0.0936 0.94229 0.215804
0.1092 0.899945 0.260557
0.1248 0.858574 0.303364
0.1404 0.818176 0.344223
0.156 0.778752 0.383136
0.1716 0.740301 0.420102
0.1872 0.702824 0.455121
0.2028 0.66632 0.488193
0.2184 0.630789 0.519318
0.234 0.596232 0.548496
0.2496 0.562648 0.575727
0.2652 0.530038 0.601012
0.2808 0.498401 0.624349
0.2964 0.467738 0.64574
0.312 0.438048 0.665184
0.3276 0.409332 0.682681
0.3432 0.381588 0.698231
0.3588 0.354819 0.711834
0.3744 0.329023 0.723491
0.39 0.3042 0.7332
0.4056 0.280351 0.740963
0.4212 0.257475 0.746778
0.4368 0.235572 0.750647
0.4524 0.214644 0.752569
0.468 0.194688 0.752544
0.4836 0.175706 0.750572
0.4992 0.157697 0.746653
0.5148 0.140662 0.740788
0.5304 0.1246 0.732975
0.546 0.109512 0.723216
0.5616 0.0953971 0.71151
0.5772 0.0822557 0.697857
0.5928 0.0700877 0.682257
0.6084 0.0588931 0.66471
0.624 0.048672 0.645216
0.6396 0.0394243 0.623775
0.6552 0.0311501 0.600388
0.6708 0.0238493 0.575053
0.6864 0.0175219 0.547772
0.702 0.012168 0.518544
0.7176 0.00778752 0.487369
0.7332 0.00438048 0.454247
0.7488 0.00194688 0.419178
0.7644 0.00048672 0.382163
0.78 0 0.3432

0 1.1552 -0.0304
0.0152 1.10945 0.0227878
0.0304 1.06463 0.0741274
0.0456 1.02073 0.123619
0.0608 0.977761 0.171261
0.076 0.935712 0.217056
0.0912 0.894587 0.261002
0.1064 0.854386 0.3031
0.1216 0.815109 0.34335
0.1368 0.776756 0.381751
0.152 0.739328 0.418304
0.1672 0.702824 0.453009
0.1824 0.667244 0.485865
0.1976 0.632588 0.516873
0.2128 0.598856 0.546033
0.228 0.566048 0.573344
0.2432 0.534164 0.598807
0.2584 0.503205 0.622422
0.2736 0.47317 0.644188
0.2888 0.444059 0.664106
0.304 0.415872 0.682176
0.3192 0.388609 0.698397
0.3344 0.362271 0.712771
0.3496 0.336856 0.725295
0.3648 0.312366 0.735972
0.38 0.2888 0.7448
0.3952 0.266158 0.75178
0.4104 0.24444 0.756911
0.4256 0.223647 0.760195
0.4408 0.203777 0.761629
0.456 0.184832 0.761216
0.4712 0.166811 0.758954
0.4864 0.149714 0.754844
0.5016 0.133541 0.748886
0.5168 0.118292 0.741079
0.532 0.103968 0.731424
0.5472 0.0905677 0.719921
0.5624 0.0780915 0.706569
0.5776 0.0665395 0.691369
0.5928 0.0559117 0.674321
0.608 0.046208 0.655424
0.6232 0.0374285 0.634679
0.6384 0.0295731 0.612086
0.6536 0.0226419 0.587644
0.6688 0.0166349 0.561354
0.684 0.011552 0.533216
0.6992 0.00739328 0.503229
0.7144 0.00415872 0.471395
0.7296 0.00184832 0.437711
0.7448 0.00046208 0.40218
0.76 0 0.3648

0 1.0952 0.0296
0.0148 1.05183 0.0796358
0.0296 1.00934 0.127919
0.0444 0.967719 0.174451
0.0592 0.926977 0.219229
0.074 0.887112 0.262256
0.0888 0.848123 0.30353
0.1036 0.81001 0.343052
0.1184 0.772773 0.380822
0.1332 0.736412 0.416839
0.148 0.700928 0.451104
0.1628 0.66632 0.483617
0.1776 0.632588 0.514377
0.1924 0.599732 0.543385
0.2072 0.567752 0.570641
0.222 0.536648 0.596144
0.2368 0.50642 0.619895
0.2516 0.477069 0.641894
0.2664 0.448594 0.66214
0.2812 0.420995 0.680634
0.296 0.394272 0.697376
0.3108 0.368425 0.712365
0.3256 0.343455 0.725603
0.3404 0.31936 0.737087
0.3552 0.296142 0.74682
0.37 0.2738 0.7548
0.3848 0.252334 0.761028
0.3996 0.231744 0.765503
0.4144 0.212031 0.768227
0.4292 0.193193 0.769197
0.444 0.175232 0.768416
0.4588 0.158147 0.765882
0.4736 0.141938 0.761596
0.4884 0.126605 0.755558
0.5032 0.112148 0.747767
0.518 0.098568 0.738224
0.5328 0.0858637 0.726929
0.5476 0.0740355 0.713881
0.5624 0.0630835 0.699081
0.5772 0.0530077 0.682529
0.592 0.043808 0.664224
0.6068 0.0354845 0.644167
0.6216 0.0280371 0.622358
0.6364 0.0214659 0.598796
0.6512 0.0157709 0.573482
0.666 0.010952 0.546416
0.6808 0.00700928 0.517597
0.6956 0.00394272 0.487027
0.7104 0.00175232 0.454703
0.7252 0.00043808 0.420628
0.74 0 0.3848

0 1.0368 0.0864
0.0144 0.995743 0.133379
0.0288 0.955515 0.178698
0.0432 0.916116 0.222359
0.0576 0.877548 0.264361
0.072 0.839808 0.304704
0.0864 0.802898 0.343388
0.1008 0.766817 0.380413
0.1152 0.731566 0.41578
0.1296 0.697144 0.449487
0.144 0.663552 0.481536
0.1584 0.630789 0.511926
0.1728 0.598856 0.540657
0.1872 0.567752 0.567729
0.2016 0.537477 0.593142
0.216 0.508032 0.616896
0.2304 0.479416 0.638991
0.2448 0.45163 0.659428
0.2592 0.424673 0.678205
0.2736 0.398546 0.695324
0.288 0.373248 0.710784
0.3024 0.34878 0.724585
0.3168 0.32514 0.736727
0.3312 0.302331 0.74721
0.3456 0.280351 0.756035
0.36 0.2592 0.7632
0.3744 0.238879 0.768707
0.3888 0.219387 0.772554
0.4032 0.200724 0.774743
0.4176 0.182892 0.775273
0.432 0.165888 0.774144
0.4464 0.149714 0.771356
0.4608 0.134369 0.766909
0.4752 0.119854 0.760804
0.4896 0.106168 0.753039
0.504 0.093312 0.743616
0.5184 0.0812851 0.732534
0.5328 0.0700877 0.719793
0.5472 0.0597197 0.705393
0.5616 0.0501811 0.689334
0.576 0.041472 0.671616
0.5904 0.0335923 0.652239
0.6048 0.0265421 0.631204
0.6192 0.0203213 0.608509
0.6336 0.0149299 0.584156
0.648 0.010368 0.558144
0.6624 0.00663552 0.530473
0.6768 0.00373248 0.501143
0.6912 0.00165888 0.470154
0.7056 0.00041472 0.437507
0.72 0 0.4032

0 0.98 0.14
0.014 0.941192 0.184016
0.028 0.903168 0.226464
0.042 0.865928 0.267344
0.056 0.829472 0.306656
0.07 0.7938 0.3444
0.084 0.758912 0.380576
0.098 0.724808 0.415184
0.112 0.691488 0.448224
0.126 0.658952 0.479696
0.14 0.6272 0.5096
0.154 0.596232 0.537936
0.168 0.566048 0.564704
0.182 0.536648 0.589904
0.196 0.508032 0.613536
0.21 0.4802 0.6356
0.224 0.453152 0.656096
0.238 0.426888 0.675024
0.252 0.401408 0.692384
0.266 0.376712 0.708176
0.28 0.3528 0.7224
0.294 0.329672 0.735056
0.308 0.307328 0.746144
0.322 0.285768 0.755664
0.336 0.264992 0.763616
0.35 0.245 0.77
0.364 0.225792 0.774816
0.378 0.207368 0.778064
0.392 0.189728 0.779744
0.406 0.172872 0.779856
0.42 0.1568 0.7784
0.434 0.141512 0.775376
0.448 0.127008 0.770784
0.462 0.113288 0.764624
0.476 0.100352 0.756896
0.49 0.0882 0.7476
0.504 0.076832 0.736736
0.518 0.066248 0.724304
0.532 0.056448 0.710304
0.546 0.047432 0.694736
0.56 0.0392 0.6776
0.574 0.031752 0.658896
0.588 0.025088 0.638624
0.602 0.019208 0.616784
0.616 0.014112 0.593376
0.63 0.0098 0.5684
0.644 0.006272 0.541856
0.658 0.003528 0.513744
0.672 0.001568 0.484064
0.686 0.000392 0.452816
0.7 0 0.42

0 0.9248 0.1904
0.0136 0.888178 0.231548
0.0272 0.852296 0.271217
0.0408 0.817153 0.309405
0.0544 0.782751 0.346115
0.068 0.749088 0.381344
0.0816 0.716165 0.415094
0.0952 0.683982 0.447364
0.1088 0.652539 0.478154
0.1224 0.621836 0.507465
0.136 0.591872 0.535296
0.1496 0.562648 0.561647
0.1632 0.534164 0.586519
0.1768 0.50642 0.609911
0.1904 0.479416 0.631823
0.204 0.453152 0.652256
0.2176 0.427628 0.671209
0.2312 0.402843 0.688682
0.2448 0.378798 0.704676
0.2584 0.355493 0.71919
0.272 0.332928 0.732224
0.2856 0.311103 0.743779
0.2992 0.290017 0.753853
0.3128 0.269672 0.762449
0.3264 0.250066 0.769564
0.34 0.2312 0.7752
0.3536 0.213074 0.779356
0.3672 0.195688 0.782033
0.3808 0.179041 0.783229
0.3944 0.163135 0.782947
0.408 0.147968 0.781184
0.4216 0.133541 0.777942
0.4352 0.119854 0.77322
0.4488 0.106907 0.767018
0.4624 0.0946995 0.759337
0.476 0.083232 0.750176
0.4896 0.0725043 0.739535
0.5032 0.0625165 0.727415
0.5168 0.0532685 0.713815
0.5304 0.0447603 0.698735
0.544 0.036992 0.682176
0.5576 0.0299635 0.664137
0.5712 0.0236749 0.644618
0.5848 0.0181261 0.62362
0.5984 0.0133171 0.601142
0.612 0.009248 0.577184
0.6256 0.00591872 0.551747
0.6392 0.00332928 0.524829
0.6528 0.00147968 0.496433
0.6664 0.00036992 0.466556
0.68 0 0.4352

0 0.8712 0.2376
0.0132 0.8367 0.275975
0.0264 0.802898 0.312956
0.0396 0.769792 0.348543
0.0528 0.737384 0.382737
0.066 0.705672 0.415536
0.0792 0.674657 0.446941
0.0924 0.64434 0.476953
0.1056 0.614719 0.505571
0.1188 0.585795 0.532794
0.132 0.557568 0.558624
0.1452 0.530038 0.58306
0.1584 0.503205 0.606102
0.1716 0.477069 0.62775
0.1848 0.45163 0.648004
0.198 0.426888 0.666864
0.2112 0.402843 0.68433
0.2244 0.379495 0.700403
0.2376 0.356844 0.715081
0.2508 0.334889 0.728365
0.264 0.313632 0.740256
0.2772 0.293072 0.750753
0.2904 0.273208 0.759855
0.3036 0.254042 0.767564
0.3168 0.235572 0.773879
0.33 0.2178 0.7788
0.3432 0.200724 0.782327
0.3564 0.184346 0.78446
0.3696 0.168664 0.785199
0.3828 0.15368 0.784545
0.396 0.139392 0.782496
0.4092 0.125801 0.779053
0.4224 0.112908 0.774217
0.4356 0.100711 0.767987
0.4488 0.0892109 0.760362
0.462 0.078408 0.751344
0.4752 0.0683021 0.740932
0.4884 0.0588931 0.729126
0.5016 0.0501811 0.715926
0.5148 0.0421661 0.701332
0.528 0.034848 0.685344
0.5412 0.0282269 0.667962
0.5544 0.0223027 0.649187
0.5676 0.0170755 0.629017
0.5808 0.0125453 0.607453
0.594 0.008712 0.584496
0.6072 0.00557568 0.560145
0.6204 0.00313632 0.534399
0.6336 0.00139392 0.50726
0.6468 0.00034848 0.478727
0.66 0 0.4488

0 0.8192 0.2816
0.0128 0.78676 0.317297
0.0256 0.754975 0.351683
0.0384 0.723845 0.384758
0.0512 0.693371 0.416522
0.064 0.663552 0.446976
0.0768 0.634388 0.476119
0.0896 0.60588 0.503951
0.1024 0.578028 0.530473
0.1152 0.55083 0.555684
0.128 0.524288 0.579584
0.1408 0.498401 0.602173
0.1536 0.47317 0.623452
0.1664 0.448594 0.64342
0.1792 0.424673 0.662077
0.192 0.401408 0.679424
0.2048 0.378798 0.69546
0.2176 0.356844 0.710185
0.2304 0.335544 0.723599
0.2432 0.3149 0.735703
0.256 0.294912 0.746496
0.2688 0.275579 0.755978
0.2816 0.256901 0.76415
0.2944 0.238879 0.771011
0.3072 0.221512 0.776561
0.32 0.2048 0.7808
0.3328 0.188744 0.783729
0.3456 0.173343 0.785347
0.3584 0.158597 0.785654
0.3712 0.144507 0.78465
0.384 0.131072 0.782336
0.3968 0.118292 0.778711
0.4096 0.106168 0.773775
0.4224 0.0946995 0.767529
0.4352 0.0838861 0.759972
0.448 0.073728 0.751104
0.4608 0.0642253 0.740925
0.4736 0.0553779 0.729436
0.4864 0.0471859 0.716636
0.4992 0.0396493 0.702525
0.512 0.032768 0.687104
0.5248 0.0265421 0.670372
0.5376 0.0209715 0.652329
0.5504 0.0160563 0.632975
0.5632 0.0117965 0.612311
0.576 0.008192 0.590336
0.5888 0.00524288 0.56705
0.6016 0.00294912 0.542454
0.6144 0.00131072 0.516547
0.6272 0.00032768 0.489329
0.64 0 0.4608

0 0.7688 0.3224
0.0124 0.738356 0.355513
0.0248 0.708526 0.387396
0.0372 0.679312 0.418049
0.0496 0.650712 0.447471
0.062 0.622728 0.475664
0.0744 0.595359 0.502627
0.0868 0.568604 0.528359
0.0992 0.542465 0.552861
0.1116 0.516941 0.576134
0.124 0.492032 0.598176
0.1364 0.467738 0.618988
0.1488 0.444059 0.63857
0.1612 0.420995 0.656922
0.1736 0.398546 0.674044
0.186 0.376712 0.689936
0.1984 0.355493 0.704598
0.2108 0.334889 0.718029
0.2232 0.3149 0.730231
0.2356 0.295527 0.741203
0.248 0.276768 0.750944
0.2604 0.258624 0.759455
0.2728 0.241096 0.766737
0.2852 0.224182 0.772788
0.2976 0.207884 0.777609
0.31 0.1922 0.7812
0.3224 0.177132 0.783561
0.3348 0.162678 0.784692
0.3472 0.14884 0.784593
0.3596 0.135616 0.783263
0.372 0.123008 0.780704
0.3844 0.111015 0.776915
0.3968 0.0996365 0.771895
0.4092 0.0888733 0.765645
0.4216 0.0787251 0.758166
0.434 0.069192 0.749456
0.4464 0.0602739 0.739516
0.4588 0.0519709 0.728346
0.4712 0.0442829 0.715946
0.4836 0.0372099 0.702316
0.496 0.030752 0.687456
0.5084 0.0249091 0.671366
0.5208 0.0196813 0.654045
0.5332 0.0150685 0.635495
0.5456 0.0110707 0.615715
0.558 0.007688 0.594704
0.5704 0.00492032 0.572463
0.5828 0.00276768 0.548993
0.5952 0.00123008 0.524292
0.6076 0.00030752 0.498361
0.62 0 0.4712

0 0.72 0.36
0.012 0.691488 0.390624
0.024 0.663552 0.420096
0.036 0.636192 0.448416
0.048 0.609408 0.475584
0.06 0.5832 0.5016
0.072 0.557568 0.526464
0.084 0.532512 0.550176
0.096 0.508032 0.572736
0.108 0.484128 0.594144
0.12 0.4608 0.6144
0.132 0.438048 0.633504
0.144 0.415872 0.651456
0.156 0.394272 0.668256
0.168 0.373248 0.683904
0.18 0.3528 0.6984
0.192 0.332928 0.711744
0.204 0.313632 0.723936
0.216 0.294912 0.734976
0.228 0.276768 0.744864
0.24 0.2592 0.7536
0.252 0.242208 0.761184
0.264 0.225792 0.767616
0.276 0.209952 0.772896
0.288 0.194688 0.777024
0.3 0.18 0.78
0.312 0.165888 0.781824
0.324 0.152352 0.782496
0.336 0.139392 0.782016
0.348 0.127008 0.780384
0.36 0.1152 0.7776
0.372 0.103968 0.773664
0.384 0.093312 0.768576
0.396 0.083232 0.762336
0.408 0.073728 0.754944
0.42 0.0648 0.7464
0.432 0.056448 0.736704
0.444 0.048672 0.725856
0.456 0.041472 0.713856
0.468 0.034848 0.700704
0.48 0.0288 0.6864
0.492 0.023328 0.670944
0.504 0.018432 0.654336
0.516 0.014112 0.636576
0.528 0.010368 0.617664
0.54 0.0072 0.5976
0.552 0.004608 0.576384
0.564 0.002592 0.554016
0.576 0.001152 0.530496
0.588 0.000288 0.505824
0.6 0 0.48

0 0.6728 0.3944
0.0116 0.646157 0.42263
0.0232 0.620052 0.449783
0.0348 0.594486 0.47586
0.0464 0.569458 0.50086
0.058 0.544968 0.524784
0.0696 0.521016 0.547631
0.0812 0.497603 0.569402
0.0928 0.474728 0.590097
0.1044 0.452391 0.609715
0.116 0.430592 0.628256
0.1276 0.409332 0.645721
0.1392 0.388609 0.662109
0.1508 0.368425 0.677421
0.1624 0.34878 0.691657
0.174 0.329672 0.704816
0.1856 0.311103 0.716899
0.1972 0.293072 0.727905
0.2088 0.275579 0.737834
0.2204 0.258624 0.746687
0.232 0.242208 0.754464
0.2436 0.22633 0.761164
0.2552 0.21099 0.766788
0.2668 0.196188 0.771335
0.2784 0.181925 0.774806
0.29 0.1682 0.7772
0.3016 0.155013 0.778518
0.3132 0.142364 0.778759
0.3248 0.130254 0.777924
0.3364 0.118682 0.776012
0.348 0.107648 0.773024
0.3596 0.0971523 0.768959
0.3712 0.0871949 0.763818
0.3828 0.0777757 0.757601
0.3944 0.0688947 0.750307
0.406 0.060552 0.741936
0.4176 0.0527475 0.732489
0.4292 0.0454813 0.721965
0.4408 0.0387533 0.710365
0.4524 0.0325635 0.697689
0.464 0.026912 0.683936
0.4756 0.0217987 0.669107
0.4872 0.0172237 0.653201
0.4988 0.0131869 0.636218
0.5104 0.00968832 0.618159
0.522 0.006728 0.599024
0.5336 0.00430592 0.578812
0.5452 0.00242208 0.557524
0.5568 0.00107648 0.535159
0.5684 0.00026912 0.511718
0.58 0 0.4872

0 0.6272 0.4256
0.0112 0.602363 0.45153
0.0224 0.578028 0.476457
0.0336 0.554194 0.50038
0.0448 0.530862 0.5233
0.056 0.508032 0.545216
0.0672 0.485704 0.566129
0.0784 0.463877 0.586038
0.0896 0.442552 0.604943
0.1008 0.421729 0.622845
0.112 0.401408 0.639744
0.1232 0.381588 0.655639
0.1344 0.362271 0.670531
0.1456 0.343455 0.684419
0.1568 0.32514 0.697303
0.168 0.307328 0.709184
0.1792 0.290017 0.720061
0.1904 0.273208 0.729935
0.2016 0.256901 0.738806
0.2128 0.241096 0.746673
0.224 0.225792 0.753536
0.2352 0.21099 0.759396
0.2464 0.19669 0.764252
0.2576 0.182892 0.768105
0.2688 0.169595 0.770954
0.28 0.1568 0.7728
0.2912 0.144507 0.773642
0.3024 0.132716 0.773481
0.3136 0.121426 0.772316
0.3248 0.110638 0.770148
0.336 0.100352 0.766976
0.3472 0.0905677 0.762801
0.3584 0.0812851 0.757622
0.3696 0.0725043 0.751439
0.3808 0.0642253 0.744253
0.392 0.056448 0.736064
0.4032 0.0491725 0.726871
0.4144 0.0423987 0.716675
0.4256 0.0361267 0.705475
0.4368 0.0303565 0.693271
0.448 0.025088 0.680064
0.4592 0.0203213 0.665853
0.4704 0.0160563 0.650639
0.4816 0.0122931 0.634422
0.4928 0.00903168 0.617201
0.504 0.006272 0.598976
0.5152 0.00401408 0.579748
0.5264 0.00225792 0.559516
0.5376 0.00100352 0.538281
0.5488 0.00025088 0.516042
0.56 0 0.4928

0 0.5832 0.4536
0.0108 0.560105 0.477325
0.0216 0.537477 0.500118
0.0324 0.515316 0.521977
0.0432 0.49362 0.542903
0.054 0.472392 0.562896
0.0648 0.45163 0.581956
0.0756 0.431335 0.600083
0.0864 0.411506 0.617276
0.0972 0.392144 0.633537
0.108 0.373248 0.648864
0.1188 0.354819 0.663258
0.1296 0.336856 0.676719
0.1404 0.31936 0.689247
0.1512 0.302331 0.700842
0.162 0.285768 0.711504
0.1728 0.269672 0.721233
0.1836 0.254042 0.730028
0.1944 0.238879 0.737891
0.2052 0.224182 0.74482
0.216 0.209952 0.750816
0.2268 0.196188 0.755879
0.2376 0.182892 0.760009
0.2484 0.170061 0.763206
0.2592 0.157697 0.765469
0.27 0.1458 0.7668
0.2808 0.134369 0.767197
0.2916 0.123405 0.766662
0.3024 0.112908 0.765193
0.3132 0.102876 0.762791
0.324 0.093312 0.759456
0.3348 0.0842141 0.755188
0.3456 0.0755827 0.749987
0.3564 0.0674179 0.743852
0.3672 0.0597197 0.736785
0.378 0.052488 0.728784
0.3888 0.0457229 0.71985
0.3996 0.0394243 0.709983
0.4104 0.0335923 0.699183
0.4212 0.0282269 0.68745
0.432 0.023328 0.674784
0.4428 0.0188957 0.661185
0.4536 0.0149299 0.646652
0.4644 0.0114307 0.631187
0.4752 0.00839808 0.614788
0.486 0.005832 0.597456
0.4968 0.00373248 0.579191
0.5076 0.00209952 0.559993
0.5184 0.00093312 0.539862
0.5292 0.00023328 0.518797
0.54 0 0.4968

0 0.5408 0.4784
0.0104 0.519384 0.500015
0.0208 0.498401 0.520765
0.0312 0.477851 0.54065
0.0416 0.457733 0.55967
0.052 0.438048 0.577824
0.0624 0.418796 0.595113
0.0728 0.399976 0.611537
0.0832 0.381588 0.627095
0.0936 0.363634 0.641788
0.104 0.346112 0.655616
0.1144 0.329023 0.668579
0.1248 0.312366 0.680676
0.1352 0.296142 0.691908
0.1456 0.280351 0.702275
0.156 0.264992 0.711776
0.1664 0.250066 0.720412
0.1768 0.235572 0.728183
0.1872 0.221512 0.735089
0.1976 0.207884 0.741129
0.208 0.194688 0.746304
0.2184 0.181925 0.750614
0.2288 0.169595 0.754058
0.2392 0.157697 0.756637
0.2496 0.146232 0.758351
0.26 0.1352 0.7592
0.2704 0.1246 0.759183
0.2808 0.114433 0.758301
0.2912 0.104699 0.756554
0.3016 0.0953971 0.753942
0.312 0.086528 0.750464
0.3224 0.0780915 0.746121
0.3328 0.0700877 0.740913
0.3432 0.0625165 0.734839
0.3536 0.0553779 0.7279
0.364 0.048672 0.720096
0.3744 0.0423987 0.711427
0.3848 0.0365581 0.701892
0.3952 0.0311501 0.691492
0.4056 0.0261747 0.680227
0.416 0.021632 0.668096
0.4264 0.0175219 0.6551
0.4368 0.0138445 0.641239
0.4472 0.0105997 0.626513
0.4576 0.00778752 0.610921
0.468 0.005408 0.594464
0.4784 0.00346112 0.577142
0.4888 0.00194688 0.558954
0.4992 0.00086528 0.539901
0.5096 0.00021632 0.519983
0.52 0 0.4992

0 0.5 0.5
0.01 0.4802 0.5196
0.02 0.4608 0.5384
0.03 0.4418 0.5564
0.04 0.4232 0.5736
0.05 0.405 0.59
0.06 0.3872 0.6056
0.07 0.3698 0.6204
0.08 0.3528 0.6344
0.09 0.3362 0.6476
0.1 0.32 0.66
0.11 0.3042 0.6716
0.12 0.2888 0.6824
0.13 0.2738 0.6924
0.14 0.2592 0.7016
0.15 0.245 0.71
0.16 0.2312 0.7176
0.17 0.2178 0.7244
0.18 0.2048 0.7304
0.19 0.1922 0.7356
0.2 0.18 0.74
0.21 0.1682 0.7436
0.22 0.1568 0.7464
0.23 0.1458 0.7484
0.24 0.1352 0.7496
0.25 0.125 0.75
0.26 0.1152 0.7496
0.27 0.1058 0.7484
0.28 0.0968 0.7464
0.29 0.0882 0.7436
0.3 0.08 0.74
0.31 0.0722 0.7356
0.32 0.0648 0.7304
0.33 0.0578 0.7244
0.34 0.0512 0.7176
0.35 0.045 0.71
0.36 0.0392 0.7016
0.37 0.0338 0.6924
0.38 0.0288 0.6824
0.39 0.0242 0.6716
0.4 0.02 0.66
0.41 0.0162 0.6476
0.42 0.0128 0.6344
0.43 0.0098 0.6204
0.44 0.0072 0.6056
0.45 0.005 0.59
0.46 0.0032 0.5736
0.47 0.0018 0.5564
0.48 0.0008 0.5384
0.49 0.0002 0.5196
0.5 0 0.5

0 0.4608 0.5184
0.0096 0.442552 0.536079
0.0192 0.424673 0.553021
0.0288 0.407163 0.569226
0.0384 0.390021 0.584694
0.048 0.373248 0.599424
0.0576 0.356844 0.613417
0.0672 0.340808 0.626673
0.0768 0.32514 0.639191
0.0864 0.309842 0.650972
0.096 0.294912 0.662016
0.1056 0.280351 0.672323
0.1152 0.266158 0.681892
0.1248 0.252334 0.690724
0.1344 0.238879 0.698819
0.144 0.225792 0.706176
0.1536 0.213074 0.712796
0.1632 0.200724 0.718679
0.1728 0.188744 0.723825
0.1824 0.177132 0.728233
0.192 0.165888 0.731904
0.2016 0.155013 0.734838
0.2112 0.144507 0.737034
0.2208 0.134369 0.738493
0.2304 0.1246 0.739215
0.24 0.1152 0.7392
0.2496 0.106168 0.738447
0.2592 0.0975053 0.736957
0.2688 0.0892109 0.73473
0.2784 0.0812851 0.731766
0.288 0.073728 0.728064
0.2976 0.0665395 0.723625
0.3072 0.0597197 0.718449
0.3168 0.0532685 0.712535
0.3264 0.0471859 0.705884
0.336 0.041472 0.698496
0.3456 0.0361267 0.690371
0.3552 0.0311501 0.681508
0.3648 0.0265421 0.671908
0.3744 0.0223027 0.661571
0.384 0.018432 0.650496
0.3936 0.0149299 0.638684
0.4032 0.0117965 0.626135
0.4128 0.00903168 0.612849
0.4224 0.00663552 0.598825
0.432 0.004608 0.584064
0.4416 0.00294912 0.568566
0.4512 0.00165888 0.55233
0.4608 0.00073728 0.535357
0.4704 0.00018432 0.517647
0.48 0 0.4992

0 0.4232 0.5336
0.0092 0.406441 0.549453
0.0184 0.390021 0.56463
0.0276 0.37394 0.579129
0.0368 0.358196 0.592951
0.046 0.342792 0.606096
0.0552 0.327726 0.618564
0.0644 0.312999 0.630355
0.0736 0.29861 0.641468
0.0828 0.28456 0.651905
0.092 0.270848 0.661664
0.1012 0.257475 0.670746
0.1104 0.24444 0.679151
0.1196 0.231744 0.686879
0.1288 0.219387 0.69393
0.138 0.207368 0.700304
0.1472 0.195688 0.706001
0.1564 0.184346 0.71102
0.1656 0.173343 0.715363
0.1748 0.162678 0.719028
0.184 0.152352 0.722016
0.1932 0.142364 0.724327
0.2024 0.132716 0.725961
0.2116 0.123405 0.726918
0.2208 0.114433 0.727197
0.23 0.1058 0.7268
0.2392 0.0975053 0.725725
0.2484 0.0895491 0.723974
0.2576 0.0819315 0.721545
0.2668 0.0746525 0.718439
0.276 0.067712 0.714656
0.2852 0.0611101 0.710196
0.2944 0.0548467 0.705059
0.3036 0.0489219 0.699244
0.3128 0.0433357 0.692753
0.322 0.038088 0.685584
0.3312 0.0331789 0.677738
0.3404 0.0286083 0.669215
0.3496 0.0243763 0.660015
0.3588 0.0204829 0.650138
0.368 0.016928 0.639584
0.3772 0.0137117 0.628353
0.3864 0.0108339 0.616444
0.3956 0.00829472 0.603859
0.4048 0.00609408 0.590596
0.414 0.004232 0.576656
0.4232 0.00270848 0.562039
0.4324 0.00152352 0.546745
0.4416 0.00067712 0.530774
0.4508 0.00016928 0.514125
0.46 0 0.4968

0 0.3872 0.5456
0.0088 0.371867 0.559722
0.0176 0.356844 0.573225
0.0264 0.34213 0.586108
0.0352 0.327726 0.598372
0.044 0.313632 0.610016
0.0528 0.299848 0.621041
0.0616 0.286373 0.631446
0.0704 0.273208 0.641231
0.0792 0.260353 0.650397
0.088 0.247808 0.658944
0.0968 0.235572 0.666871
0.1056 0.223647 0.674179
0.1144 0.212031 0.680867
0.1232 0.200724 0.686935
0.132 0.189728 0.692384
0.1408 0.179041 0.697213
0.1496 0.168664 0.701423
0.1584 0.158597 0.705014
0.1672 0.14884 0.707985
0.176 0.139392 0.710336
0.1848 0.130254 0.712068
0.1936 0.121426 0.71318
0.2024 0.112908 0.713673
0.2112 0.104699 0.713546
0.22 0.0968 0.7128
0.2288 0.0892109 0.711434
0.2376 0.0819315 0.709449
0.2464 0.0749619 0.706844
0.2552 0.0683021 0.70362
0.264 0.061952 0.699776
0.2728 0.0559117 0.695313
0.2816 0.0501811 0.69023
0.2904 0.0447603 0.684527
0.2992 0.0396493 0.678205
0.308 0.034848 0.671264
0.3168 0.0303565 0.663703
0.3256 0.0261747 0.655523
0.3344 0.0223027 0.646723
0.3432 0.0187405 0.637303
0.352 0.015488 0.627264
0.3608 0.0125453 0.616605
0.3696 0.00991232 0.605327
0.3784 0.00758912 0.59343
0.3872 0.00557568 0.580913
0.396 0.003872 0.567776
0.4048 0.00247808 0.55402
0.4136 0.00139392 0.539644
0.4224 0.00061952 0.524649
0.4312 0.00015488 0.509034
0.44 0 0.4928

0 0.3528 0.5544
0.0084 0.338829 0.566886
0.0168 0.32514 0.578807
0.0252 0.311734 0.590164
0.0336 0.29861 0.600956
0.042 0.285768 0.611184
0.0504 0.273208 0.620847
0.0588 0.260931 0.629946
0.0672 0.248936 0.638481
0.0756 0.237223 0.646451
0.084 0.225792 0.653856
0.0924 0.214644 0.660697
0.1008 0.203777 0.666973
0.1092 0.193193 0.672685
0.1176 0.182892 0.677833
0.126 0.172872 0.682416
0.1344 0.163135 0.686435
0.1428 0.15368 0.689889
0.1512 0.144507 0.692778
0.1596 0.135616 0.695103
0.168 0.127008 0.696864
0.1764 0.118682 0.69806
0.1848 0.110638 0.698692
0.1932 0.102876 0.698759
0.2016 0.0953971 0.698262
0.21 0.0882 0.6972
0.2184 0.0812851 0.695574
0.2268 0.0746525 0.693383
0.2352 0.0683021 0.690628
0.2436 0.0622339 0.687308
0.252 0.056448 0.683424
0.2604 0.0509443 0.678975
0.2688 0.0457229 0.673962
0.2772 0.0407837 0.668385
0.2856 0.0361267 0.662243
0.294 0.031752 0.655536
0.3024 0.0276595 0.648265
0.3108 0.0238493 0.640429
0.3192 0.0203213 0.632029
0.3276 0.0170755 0.623065
0.336 0.014112 0.613536
0.3444 0.0114307 0.603443
0.3528 0.00903168 0.592785
0.3612 0.00691488 0.581562
0.3696 0.00508032 0.569775
0.378 0.003528 0.557424
0.3864 0.00225792 0.544508
0.3948 0.00127008 0.531028
0.4032 0.00056448 0.516983
0.4116 0.00014112 0.502374
0.42 0 0.4872

0 0.32 0.56
0.008 0.307328 0.570944
0.016 0.294912 0.581376
0.024 0.282752 0.591296
0.032 0.270848 0.600704
0.04 0.2592 0.6096
0.048 0.247808 0.617984
0.056 0.236672 0.625856
0.064 0.225792 0.633216
0.072 0.215168 0.640064
0.08 0.2048 0.6464
0.088 0.194688 0.652224
0.096 0.184832 0.657536
0.104 0.175232 0.662336
0.112 0.165888 0.666624
0.12 0.1568 0.6704
0.128 0.147968 0.673664
0.136 0.139392 0.676416
0.144 0.131072 0.678656
0.152 0.123008 0.680384
0.16 0.1152 0.6816
0.168 0.107648 0.682304
0.176 0.100352 0.682496
0.184 0.093312 0.682176
0.192 0.086528 0.681344
0.2 0.08 0.68
0.208 0.073728 0.678144
0.216 0.067712 0.675776
0.224 0.061952 0.672896
0.232 0.056448 0.669504
0.24 0.0512 0.6656
0.248 0.046208 0.661184
0.256 0.041472 0.656256
0.264 0.036992 0.650816
0.272 0.032768 0.644864
0.28 0.0288 0.6384
0.288 0.025088 0.631424
0.296 0.021632 0.623936
0.304 0.018432 0.615936
0.312 0.015488 0.607424
0.32 0.0128 0.5984
0.328 0.010368 0.588864
0.336 0.008192 0.578816
0.344 0.006272 0.568256
0.352 0.004608 0.557184
0.36 0.0032 0.5456
0.368 0.002048 0.533504
0.376 0.001152 0.520896
0.384 0.000512 0.507776
0.392 0.000128 0.494144
0.4 0 0.48

0 0.2888 0.5624
0.0076 0.277364 0.571897
0.0152 0.266158 0.580932
0.0228 0.255184 0.589505
0.0304 0.24444 0.597615
0.038 0.233928 0.605264
0.0456 0.223647 0.612451
0.0532 0.213596 0.619175
0.0608 0.203777 0.625437
0.0684 0.194189 0.631238
0.076 0.184832 0.636576
0.0836 0.175706 0.641452
0.0912 0.166811 0.645866
0.0988 0.158147 0.649818
0.1064 0.149714 0.653308
0.114 0.141512 0.656336
0.1216 0.133541 0.658902
0.1292 0.125801 0.661005
0.1368 0.118292 0.662647
0.1444 0.111015 0.663827
0.152 0.103968 0.664544
0.1596 0.0971523 0.664799
0.1672 0.0905677 0.664593
0.1748 0.0842141 0.663924
0.1824 0.0780915 0.662793
0.19 0.0722 0.6612
0.1976 0.0665395 0.659145
0.2052 0.0611101 0.656628
0.2128 0.0559117 0.653649
0.2204 0.0509443 0.650207
0.228 0.046208 0.646304
0.2356 0.0417027 0.641939
0.2432 0.0374285 0.637111
0.2508 0.0333853 0.631821
0.2584 0.0295731 0.62607
0.266 0.025992 0.619856
0.2736 0.0226419 0.61318
0.2812 0.0195229 0.606042
0.2888 0.0166349 0.598442
0.2964 0.0139779 0.59038
0.304 0.011552 0.581856
0.3116 0.00935712 0.57287
0.3192 0.00739328 0.563421
0.3268 0.00566048 0.553511
0.3344 0.00415872 0.543139
0.342 0.002888 0.532304
0.3496 0.00184832 0.521007
0.3572 0.00103968 0.509249
0.3648 0.00046208 0.497028
0.3724 0.00011552 0.484345
0.38 0 0.4712

0 0.2592 0.5616
0.0072 0.248936 0.569745
0.0144 0.238879 0.577475
0.0216 0.229029 0.58479
0.0288 0.219387 0.59169
0.036 0.209952 0.598176
0.0432 0.200724 0.604247
0.0504 0.191704 0.609903
0.0576 0.182892 0.615145
0.0648 0.174286 0.619972
0.072 0.165888 0.624384
0.0792 0.157697 0.628381
0.0864 0.149714 0.631964
0.0936 0.141938 0.635132
0.1008 0.134369 0.637885
0.108 0.127008 0.640224
0.1152 0.119854 0.642148
0.1224 0.112908 0.643657
0.1296 0.106168 0.644751
0.1368 0.0996365 0.645431
0.144 0.093312 0.645696
0.1512 0.0871949 0.645546
0.1584 0.0812851 0.644982
0.1656 0.0755827 0.644003
0.1728 0.0700877 0.642609
0.18 0.0648 0.6408
0.1872 0.0597197 0.638577
0.1944 0.0548467 0.635939
0.2016 0.0501811 0.632886
0.2088 0.0457229 0.629418
0.216 0.041472 0.625536
0.2232 0.0374285 0.621239
0.2304 0.0335923 0.616527
0.2376 0.0299635 0.611401
0.2448 0.0265421 0.60586
0.252 0.023328 0.599904
0.2592 0.0203213 0.593533
0.2664 0.0175219 0.586748
0.2736 0.0149299 0.579548
0.2808 0.0125453 0.571933
0.288 0.010368 0.563904
0.2952 0.00839808 0.55546
0.3024 0.00663552 0.546601
0.3096 0.00508032 0.537327
0.3168 0.00373248 0.527639
0.324 0.002592 0.517536
0.3312 0.00165888 0.507018
0.3384 0.00093312 0.496086
0.3456 0.00041472 0.484739
0.3528 0.00010368 0.472977
0.36 0 0.4608

0 0.2312 0.5576
0.0068 0.222044 0.564487
0.0136 0.213074 0.571004
0.0204 0.204288 0.577151
0.0272 0.195688 0.582929
0.034 0.187272 0.588336
0.0408 0.179041 0.593373
0.0476 0.170996 0.598041
0.0544 0.163135 0.602339
0.0612 0.155459 0.606266
0.068 0.147968 0.609824
0.0748 0.140662 0.613012
0.0816 0.133541 0.61583
0.0884 0.126605 0.618278
0.0952 0.119854 0.620356
0.102 0.113288 0.622064
0.1088 0.106907 0.623402
0.1156 0.100711 0.624371
0.1224 0.0946995 0.624969
0.1292 0.0888733 0.625197
0.136 0.083232 0.625056
0.1428 0.0777757 0.624545
0.1496 0.0725043 0.623663
0.1564 0.0674179 0.622412
0.1632 0.0625165 0.620791
0.17 0.0578 0.6188
0.1768 0.0532685 0.616439
0.1836 0.0489219 0.613708
0.1904 0.0447603 0.610607
0.1972 0.0407837 0.607137
0.204 0.036992 0.603296
0.2108 0.0333853 0.599085
0.2176 0.0299635 0.594505
0.2244 0.0267267 0.589555
0.2312 0.0236749 0.584234
0.238 0.020808 0.578544
0.2448 0.0181261 0.572484
0.2516 0.0156291 0.566054
0.2584 0.0133171 0.559254
0.2652 0.0111901 0.552084
0.272 0.009248 0.544544
0.2788 0.00749088 0.536634
0.2856 0.00591872 0.528355
0.2924 0.00453152 0.519705
0.2992 0.00332928 0.510685
0.306 0.002312 0.501296
0.3128 0.00147968 0.491537
0.3196 0.00083232 0.481407
0.3264 0.00036992 0.470908
0.3332 9.248e-05 0.460039
0.34 0 0.4488

0 0.2048 0.5504
0.0064 0.19669 0.556124
0.0128 0.188744 0.561521
0.0192 0.180961 0.566589
0.0256 0.173343 0.571331
0.032 0.165888 0.575744
0.0384 0.158597 0.57983
0.0448 0.15147 0.583588
0.0512 0.144507 0.587018
0.0576 0.137708 0.590121
0.064 0.131072 0.592896
0.0704 0.1246 0.595343
0.0768 0.118292 0.597463
0.0832 0.112148 0.599255
0.0896 0.106168 0.600719
0.096 0.100352 0.601856
0.1024 0.0946995 0.602665
0.1088 0.0892109 0.603146
0.1152 0.0838861 0.6033
0.1216 0.0787251 0.603126
0.128 0.073728 0.602624
0.1344 0.0688947 0.601795
0.1408 0.0642253 0.600637
0.1472 0.0597197 0.599153
0.1536 0.0553779 0.59734
0.16 0.0512 0.5952
0.1664 0.0471859 0.592732
0.1728 0.0433357 0.589937
0.1792 0.0396493 0.586813
0.1856 0.0361267 0.583363
0.192 0.032768 0.579584
0.1984 0.0295731 0.575478
0.2048 0.0265421 0.571044
0.2112 0.0236749 0.566282
0.2176 0.0209715 0.561193
0.224 0.018432 0.555776
0.2304 0.0160563 0.550031
0.2368 0.0138445 0.543959
0.2432 0.0117965 0.537559
0.2496 0.00991232 0.530831
0.256 0.008192 0.523776
0.2624 0.00663552 0.516393
0.2688 0.00524288 0.508682
0.2752 0.00401408 0.500644
0.2816 0.00294912 0.492278
0.288 0.002048 0.483584
0.2944 0.00131072 0.474563
0.3008 0.00073728 0.465213
0.3072 0.00032768 0.455537
0.3136 8.192e-05 0.445532
0.32 0 0.4352

0 0.18 0.54
0.006 0.172872 0.544656
0.012 0.165888 0.549024
0.018 0.159048 0.553104
0.024 0.152352 0.556896
0.03 0.1458 0.5604
0.036 0.139392 0.563616
0.042 0.133128 0.566544
0.048 0.127008 0.569184
0.054 0.121032 0.571536
0.06 0.1152 0.5736
0.066 0.109512 0.575376
0.072 0.103968 0.576864
0.078 0.098568 0.578064
0.084 0.093312 0.578976
0.09 0.0882 0.5796
0.096 0.083232 0.579936
0.102 0.078408 0.579984
0.108 0.073728 0.579744
0.114 0.069192 0.579216
0.12 0.0648 0.5784
0.126 0.060552 0.577296
0.132 0.056448 0.575904
0.138 0.052488 0.574224
0.144 0.048672 0.572256
0.15 0.045 0.57
0.156 0.041472 0.567456
0.162 0.038088 0.564624
0.168 0.034848 0.561504
0.174 0.031752 0.558096
0.18 0.0288 0.5544
0.186 0.025992 0.550416
0.192 0.023328 0.546144
0.198 0.020808 0.541584
0.204 0.018432 0.536736
0.21 0.0162 0.5316
0.216 0.014112 0.526176
0.222 0.012168 0.520464
0.228 0.010368 0.514464
0.234 0.008712 0.508176
0.24 0.0072 0.5016
0.246 0.005832 0.494736
0.252 0.004608 0.487584
0.258 0.003528 0.480144
0.264 0.002592 0.472416
0.27 0.0018 0.4644
0.276 0.001152 0.456096
0.282 0.000648 0.447504
0.288 0.000288 0.438624
0.294 7.2e-05 0.429456
0.3 0 0.42

0 0.1568 0.5264
0.0056 0.150591 0.530083
0.0112 0.144507 0.533514
0.0168 0.138548 0.536695
0.0224 0.132716 0.539625
0.028 0.127008 0.542304
0.0336 0.121426 0.544732
0.0392 0.115969 0.546909
0.0448 0.110638 0.548836
0.0504 0.105432 0.550511
0.056 0.100352 0.551936
0.0616 0.0953971 0.55311
0.0672 0.0905677 0.554033
0.0728 0.0858637 0.554705
0.0784 0.0812851 0.555126
0.084 0.076832 0.555296
0.0896 0.0725043 0.555215
0.0952 0.0683021 0.554884
0.1008 0.0642253 0.554301
0.1064 0.0602739 0.553468
0.112 0.056448 0.552384
0.1176 0.0527475 0.551049
0.1232 0.0491725 0.549463
0.1288 0.0457229 0.547626
0.1344 0.0423987 0.545539
0.14 0.0392 0.5432
0.1456 0.0361267 0.540611
0.1512 0.0331789 0.53777
0.1568 0.0303565 0.534679
0.1624 0.0276595 0.531337
0.168 0.025088 0.527744
0.1736 0.0226419 0.5239
0.1792 0.0203213 0.519805
0.1848 0.0181261 0.51546
0.1904 0.0160563 0.510863
0.196 0.014112 0.506016
0.2016 0.0122931 0.500918
0.2072 0.0105997 0.495569
0.2128 0.00903168 0.489969
0.2184 0.00758912 0.484118
0.224 0.006272 0.478016
0.2296 0.00508032 0.471663
0.2352 0.00401408 0.46506
0.2408 0.00307328 0.458205
0.2464 0.00225792 0.4511
0.252 0.001568 0.443744
0.2576 0.00100352 0.436137
0.2632 0.00056448 0.428279
0.2688 0.00025088 0.42017
0.2744 6.272e-05 0.411811
0.28 0 0.4032

0 0.1352 0.5096
0.0052 0.129846 0.512404
0.0104 0.1246 0.514991
0.0156 0.119463 0.517363
0.0208 0.114433 0.519517
0.026 0.109512 0.521456
0.0312 0.104699 0.523178
0.0364 0.0999939 0.524684
0.0416 0.0953971 0.525974
0.0468 0.0909085 0.527047
0.052 0.086528 0.527904
0.0572 0.0822557 0.528545
0.0624 0.0780915 0.528969
0.0676 0.0740355 0.529177
0.0728 0.0700877 0.529169
0.078 0.066248 0.528944
0.0832 0.0625165 0.528503
0.0884 0.0588931 0.527846
0.0936 0.0553779 0.526972
0.0988 0.0519709 0.525882
0.104 0.048672 0.524576
0.1092 0.0454813 0.523053
0.1144 0.0423987 0.521315
0.1196 0.0394243 0.519359
0.1248 0.0365581 0.517188
0.13 0.0338 0.5148
0.1352 0.0311501 0.512196
0.1404 0.0286083 0.509375
0.1456 0.0261747 0.506339
0.1508 0.0238493 0.503085
0.156 0.021632 0.499616
0.1612 0.0195229 0.49593
0.1664 0.0175219 0.492028
0.1716 0.0156291 0.48791
0.1768 0.0138445 0.483575
0.182 0.012168 0.479024
0.1872 0.0105997 0.474257
0.1924 0.00913952 0.469273
0.1976 0.00778752 0.464073
0.2028 0.00654368 0.458657
0.208 0.005408 0.453024
0.2132 0.00438048 0.447175
0.2184 0.00346112 0.44111
0.2236 0.00264992 0.434828
0.2288 0.00194688 0.42833
0.234 0.001352 0.421616
0.2392 0.00086528 0.414685
0.2444 0.00048672 0.407539
0.2496 0.00021632 0.400175
0.2548 5.408e-05 0.392596
0.26 0 0.3848

0 0.1152 0.4896
0.0048 0.110638 0.49162
0.0096 0.106168 0.493455
0.0144 0.101791 0.495107
0.0192 0.0975053 0.496573
0.024 0.093312 0.497856
0.0288 0.0892109 0.498954
0.0336 0.0852019 0.499868
0.0384 0.0812851 0.500598
0.0432 0.0774605 0.501143
0.048 0.073728 0.501504
0.0528 0.0700877 0.501681
0.0576 0.0665395 0.501673
0.0624 0.0630835 0.501481
0.0672 0.0597197 0.501105
0.072 0.056448 0.500544
0.0768 0.0532685 0.499799
0.0816 0.0501811 0.49887
0.0864 0.0471859 0.497756
0.0912 0.0442829 0.496458
0.096 0.041472 0.494976
0.1008 0.0387533 0.493309
0.1056 0.0361267 0.491459
0.1104 0.0335923 0.489423
0.1152 0.0311501 0.487204
0.12 0.0288 0.4848
0.1248 0.0265421 0.482212
0.1296 0.0243763 0.479439
0.1344 0.0223027 0.476483
0.1392 0.0203213 0.473341
0.144 0.018432 0.470016
0.1488 0.0166349 0.466506
0.1536 0.0149299 0.462812
0.1584 0.0133171 0.458934
0.1632 0.0117965 0.454871
0.168 0.010368 0.450624
0.1728 0.00903168 0.446193
0.1776 0.00778752 0.441577
0.1824 0.00663552 0.436777
0.1872 0.00557568 0.431793
0.192 0.004608 0.426624
0.1968 0.00373248 0.421271
0.2016 0.00294912 0.415734
0.2064 0.00225792 0.410012
0.2112 0.00165888 0.404106
0.216 0.001152 0.398016
0.2208 0.00073728 0.391741
0.2256 0.00041472 0.385283
0.2304 0.00018432 0.378639
0.2352 4.608e-05 0.371812
0.24 0 0.3648

0 0.0968 0.4664
0.0044 0.0929667 0.467731
0.0088 0.0892109 0.468906
0.0132 0.0855325 0.469927
0.0176 0.0819315 0.470793
0.022 0.078408 0.471504
0.0264 0.0749619 0.47206
0.0308 0.0715933 0.472461
0.0352 0.0683021 0.472708
0.0396 0.0650883 0.472799
0.044 0.061952 0.472736
0.0484 0.0588931 0.472518
0.0528 0.0559117 0.472145
0.0572 0.0530077 0.471617
0.0616 0.0501811 0.470934
0.066 0.047432 0.470096
0.0704 0.0447603 0.469103
0.0748 0.0421661 0.467956
0.0792 0.0396493 0.466653
0.0836 0.0372099 0.465196
0.088 0.034848 0.463584
0.0924 0.0325635 0.461817
0.0968 0.0303565 0.459895
0.1012 0.0282269 0.457818
0.1056 0.0261747 0.455587
0.11 0.0242 0.4532
0.1144 0.0223027 0.450659
0.1188 0.0204829 0.447962
0.1232 0.0187405 0.445111
0.1276 0.0170755 0.442105
0.132 0.015488 0.438944
0.1364 0.0139779 0.435628
0.1408 0.0125453 0.432157
0.1452 0.0111901 0.428532
0.1496 0.00991232 0.424751
0.154 0.008712 0.420816
0.1584 0.00758912 0.416726
0.1628 0.00654368 0.412481
0.1672 0.00557568 0.408081
0.1716 0.00468512 0.403526
0.176 0.003872 0.398816
0.1804 0.00313632 0.393951
0.1848 0.00247808 0.388932
0.1892 0.00189728 0.383757
0.1936 0.00139392 0.378428
0.198 0.000968 0.372944
0.2024 0.00061952 0.367305
0.2068 0.00034848 0.361511
0.2112 0.00015488 0.355562
0.2156 3.872e-05 0.349459
0.22 0 0.3432

0 0.08 0.44
0.004 0.076832 0.440736
0.008 0.073728 0.441344
0.012 0.070688 0.441824
0.016 0.067712 0.442176
0.02 0.0648 0.4424
0.024 0.061952 0.442496
0.028 0.059168 0.442464
0.032 0.056448 0.442304
0.036 0.053792 0.442016
0.04 0.0512 0.4416
0.044 0.048672 0.441056
0.048 0.046208 0.440384
0.052 0.043808 0.439584
0.056 0.041472 0.438656
0.06 0.0392 0.4376
0.064 0.036992 0.436416
0.068 0.034848 0.435104
0.072 0.032768 0.433664
0.076 0.030752 0.432096
0.08 0.0288 0.4304
0.084 0.026912 0.428576
0.088 0.025088 0.426624
0.092 0.023328 0.424544
0.096 0.021632 0.422336
0.1 0.02 0.42
0.104 0.018432 0.417536
0.108 0.016928 0.414944
0.112 0.015488 0.412224
0.116 0.014112 0.409376
0.12 0.0128 0.4064
0.124 0.011552 0.403296
0.128 0.010368 0.400064
0.132 0.009248 0.396704
0.136 0.008192 0.393216
0.14 0.0072 0.3896
0.144 0.006272 0.385856
0.148 0.005408 0.381984
0.152 0.004608 0.377984
0.156 0.003872 0.373856
0.16 0.0032 0.3696
0.164 0.002592 0.365216
0.168 0.002048 0.360704
0.172 0.001568 0.356064
0.176 0.001152 0.351296
0.18 0.0008 0.3464
0.184 0.000512 0.341376
0.188 0.000288 0.336224
0.192 0.000128 0.330944
0.196 3.2e-05 0.325536
0.2 0 0.32

0 0.0648 0.4104
0.0036 0.0622339 0.410636
0.0072 0.0597197 0.410769
0.0108 0.0572573 0.410797
0.0144 0.0548467 0.410723
0.018 0.052488 0.410544
0.0216 0.0501811 0.410262
0.0252 0.0479261 0.409876
0.0288 0.0457229 0.409386
0.0324 0.0435715 0.408793
0.036 0.041472 0.408096
0.0396 0.0394243 0.407295
0.0432 0.0374285 0.406391
0.0468 0.0354845 0.405383
0.0504 0.0335923 0.404271
0.054 0.031752 0.403056
0.0576 0.0299635 0.401737
0.0612 0.0282269 0.400314
0.0648 0.0265421 0.398788
0.0684 0.0249091 0.397158
0.072 0.023328 0.395424
0.0756 0.0217987 0.393587
0.0792 0.0203213 0.391645
0.0828 0.0188957 0.389601
0.0864 0.0175219 0.387452
0.09 0.0162 0.3852
0.0936 0.0149299 0.382844
0.0972 0.0137117 0.380385
0.1008 0.0125453 0.377821
0.1044 0.0114307 0.375155
0.108 0.010368 0.372384
0.1116 0.00935712 0.36951
0.1152 0.00839808 0.366532
0.1188 0.00749088 0.36345
0.1224 0.00663552 0.360265
0.126 0.005832 0.356976
0.1296 0.00508032 0.353583
0.1332 0.00438048 0.350087
0.1368 0.00373248 0.346487
0.1404 0.00313632 0.342783
0.144 0.002592 0.338976
0.1476 0.00209952 0.335065
0.1512 0.00165888 0.33105
0.1548 0.00127008 0.326932
0.1584 0.00093312 0.32271
0.162 0.000648 0.318384
0.1656 0.00041472 0.313955
0.1692 0.00023328 0.309421
0.1728 0.00010368 0.304785
0.1764 2.592e-05 0.300044
0.18 0 0.2952

0 0.0512 0.3776
0.0032 0.0491725 0.377431
0.0064 0.0471859 0.37718
0.0096 0.0452403 0.376847
0.0128 0.0433357 0.376433
0.016 0.041472 0.375936
0.0192 0.0396493 0.375357
0.0224 0.0378675 0.374697
0.0256 0.0361267 0.373955
0.0288 0.0344269 0.37313
0.032 0.032768 0.372224
0.0352 0.0311501 0.371236
0.0384 0.0295731 0.370166
0.0416 0.0280371 0.369014
0.0448 0.0265421 0.36778
0.048 0.025088 0.366464
0.0512 0.0236749 0.365066
0.0544 0.0223027 0.363587
0.0576 0.0209715 0.362025
0.0608 0.0196813 0.360381
0.064 0.018432 0.358656
0.0672 0.0172237 0.356849
0.0704 0.0160563 0.354959
0.0736 0.0149299 0.352988
0.0768 0.0138445 0.350935
0.08 0.0128 0.3488
0.0832 0.0117965 0.346583
0.0864 0.0108339 0.344284
0.0896 0.00991232 0.341903
0.0928 0.00903168 0.339441
0.096 0.008192 0.336896
0.0992 0.00739328 0.334269
0.1024 0.00663552 0.331561
0.1056 0.00591872 0.328771
0.1088 0.00524288 0.325898
0.112 0.004608 0.322944
0.1152 0.00401408 0.319908
0.1184 0.00346112 0.31679
0.1216 0.00294912 0.31359
0.1248 0.00247808 0.310308
0.128 0.002048 0.306944
0.1312 0.00165888 0.303498
0.1344 0.00131072 0.299971
0.1376 0.00100352 0.296361
0.1408 0.00073728 0.292669
0.144 0.000512 0.288896
0.1472 0.00032768 0.285041
0.1504 0.00018432 0.281103
0.1536 8.192e-05 0.277084
0.1568 2.048e-05 0.272983
0.16 0 0.2688

0 0.0392 0.3416
0.0028 0.0376477 0.341121
0.0056 0.0361267 0.340579
0.0084 0.0346371 0.339974
0.0112 0.0331789 0.339306
0.014 0.031752 0.338576
0.0168 0.0303565 0.337783
0.0196 0.0289923 0.336927
0.0224 0.0276595 0.336009
0.0252 0.0263581 0.335028
0.028 0.025088 0.333984
0.0308 0.0238493 0.332877
0.0336 0.0226419 0.331708
0.0364 0.0214659 0.330476
0.0392 0.0203213 0.329181
0.042 0.019208 0.327824
0.0448 0.0181261 0.326404
0.0476 0.0170755 0.324921
0.0504 0.0160563 0.323375
0.0532 0.0150685 0.321767
0.056 0.014112 0.320096
0.0588 0.0131869 0.318362
0.0616 0.0122931 0.316566
0.0644 0.0114307 0.314707
0.0672 0.0105997 0.312785
0.07 0.0098 0.3108
0.0728 0.00903168 0.308753
0.0756 0.00829472 0.306643
0.0784 0.00758912 0.30447
0.0812 0.00691488 0.302234
0.084 0.006272 0.299936
0.0868 0.00566048 0.297575
0.0896 0.00508032 0.295151
0.0924 0.00453152 0.292665
0.0952 0.00401408 0.290116
0.098 0.003528 0.287504
0.1008 0.00307328 0.284829
0.1036 0.00264992 0.282092
0.1064 0.00225792 0.279292
0.1092 0.00189728 0.276429
0.112 0.001568 0.273504
0.1148 0.00127008 0.270516
0.1176 0.00100352 0.267465
0.1204 0.00076832 0.264351
0.1232 0.00056448 0.261175
0.126 0.000392 0.257936
0.1288 0.00025088 0.254634
0.1316 0.00014112 0.25127
0.1344 6.272e-05 0.247843
0.1372 1.568e-05 0.244353
0.14 0 0.2408

0 0.0288 0.3024
0.0024 0.0276595 0.301705
0.0048 0.0265421 0.300964
0.0072 0.0254477 0.300177
0.0096 0.0243763 0.299343
0.012 0.023328 0.298464
0.0144 0.0223027 0.297539
0.0168 0.0213005 0.296567
0.0192 0.0203213 0.295549
0.0216 0.0193651 0.294486
0.024 0.018432 0.293376
0.0264 0.0175219 0.29222
0.0288 0.0166349 0.291018
0.0312 0.0157709 0.28977
0.0336 0.0149299 0.288476
0.036 0.014112 0.287136
0.0384 0.0133171 0.28575
0.0408 0.0125453 0.284317
0.0432 0.0117965 0.282839
0.0456 0.0110707 0.281315
0.048 0.010368 0.279744
0.0504 0.00968832 0.278127
0.0528 0.00903168 0.276465
0.0552 0.00839808 0.274756
0.0576 0.00778752 0.273001
0.06 0.0072 0.2712
0.0624 0.00663552 0.269353
0.0648 0.00609408 0.26746
0.0672 0.00557568 0.265521
0.0696 0.00508032 0.263535
0.072 0.004608 0.261504
0.0744 0.00415872 0.259427
0.0768 0.00373248 0.257303
0.0792 0.00332928 0.255133
0.0816 0.00294912 0.252918
0.084 0.002592 0.250656
0.0864 0.00225792 0.248348
0.0888 0.00194688 0.245994
0.0912 0.00165888 0.243594
0.0936 0.00139392 0.241148
0.096 0.001152 0.238656
0.0984 0.00093312 0.236118
0.1008 0.00073728 0.233533
0.1032 0.00056448 0.230903
0.1056 0.00041472 0.228227
0.108 0.000288 0.225504
0.1104 0.00018432 0.222735
0.1128 0.00010368 0.219921
0.1152 4.608e-05 0.21706
0.1176 1.152e-05 0.214153
0.12 0 0.2112

0 0.02 0.26
0.002 0.019208 0.259184
0.004 0.018432 0.258336
0.006 0.017672 0.257456
0.008 0.016928 0.256544
0.01 0.0162 0.2556
0.012 0.015488 0.254624
0.014 0.014792 0.253616
0.016 0.014112 0.252576
0.018 0.013448 0.251504
0.02 0.0128 0.2504
0.022 0.012168 0.249264
0.024 0.011552 0.248096
0.026 0.010952 0.246896
0.028 0.010368 0.245664
0.03 0.0098 0.2444
0.032 0.009248 0.243104
0.034 0.008712 0.241776
0.036 0.008192 0.240416
0.038 0.007688 0.239024
0.04 0.0072 0.2376
0.042 0.006728 0.236144
0.044 0.006272 0.234656
0.046 0.005832 0.233136
0.048 0.005408 0.231584
0.05 0.005 0.23
0.052 0.004608 0.228384
0.054 0.004232 0.226736
0.056 0.003872 0.225056
0.058 0.003528 0.223344
0.06 0.0032 0.2216
0.062 0.002888 0.219824
0.064 0.002592 0.218016
0.066 0.002312 0.216176
0.068 0.002048 0.214304
0.07 0.0018 0.2124
0.072 0.001568 0.210464
0.074 0.001352 0.208496
0.076 0.001152 0.206496
0.078 0.000968 0.204464
0.08 0.0008 0.2024
0.082 0.000648 0.200304
0.084 0.000512 0.198176
0.086 0.000392 0.196016
0.088 0.000288 0.193824
0.09 0.0002 0.1916
0.092 0.000128 0.189344
0.094 7.2e-05 0.187056
0.096 3.2e-05 0.184736
0.098 8e-06 0.182384
0.1 0 0.18

0 0.0128 0.2144
0.0016 0.0122931 0.213558
0.0032 0.0117965 0.212695
0.0048 0.0113101 0.211812
0.0064 0.0108339 0.210908
0.008 0.010368 0.209984
0.0096 0.00991232 0.209039
0.0112 0.00946688 0.208074
0.0128 0.00903168 0.207089
0.0144 0.00860672 0.206083
0.016 0.008192 0.205056
0.0176 0.00778752 0.204009
0.0192 0.00739328 0.202941
0.0208 0.00700928 0.201853
0.0224 0.00663552 0.200745
0.024 0.006272 0.199616
0.0256 0.00591872 0.198467
0.0272 0.00557568 0.197297
0.0288 0.00524288 0.196106
0.0304 0.00492032 0.194895
0.032 0.004608 0.193664
0.0336 0.00430592 0.192412
0.0352 0.00401408 0.19114
0.0368 0.00373248 0.189847
0.0384 0.00346112 0.188534
0.04 0.0032 0.1872
0.0416 0.00294912 0.185846
0.0432 0.00270848 0.184471
0.0448 0.00247808 0.183076
0.0464 0.00225792 0.18166
0.048 0.002048 0.180224
0.0496 0.00184832 0.178767
0.0512 0.00165888 0.17729
0.0528 0.00147968 0.175793
0.0544 0.00131072 0.174275
0.056 0.001152 0.172736
0.0576 0.00100352 0.171177
0.0592 0.00086528 0.169597
0.0608 0.00073728 0.167997
0.0624 0.00061952 0.166377
0.064 0.000512 0.164736
0.0656 0.00041472 0.163075
0.0672 0.00032768 0.161393
0.0688 0.00025088 0.15969
0.0704 0.00018432 0.157967
0.072 0.000128 0.156224
0.0736 8.192e-05 0.15446
0.0752 4.608e-05 0.152676
0.0768 2.048e-05 0.150871
0.0784 5.12e-06 0.149046
0.08 0 0.1472

0 0.0072 0.1656
0.0012 0.00691488 0.164826
0.0024 0.00663552 0.164041
0.0036 0.00636192 0.163244
0.0048 0.00609408 0.162436
0.006 0.005832 0.161616
0.0072 0.00557568 0.160785
0.0084 0.00532512 0.159942
0.0096 0.00508032 0.159087
0.0108 0.00484128 0.158221
0.012 0.004608 0.157344
0.0132 0.00438048 0.156455
0.0144 0.00415872 0.155555
0.0156 0.00394272 0.154643
0.0168 0.00373248 0.153719
0.018 0.003528 0.152784
0.0192 0.00332928 0.151837
0.0204 0.00313632 0.150879
0.0216 0.00294912 0.14991
0.0228 0.00276768 0.148929
0.024 0.002592 0.147936
0.0252 0.00242208 0.146932
0.0264 0.00225792 0.145916
0.0276 0.00209952 0.144889
0.0288 0.00194688 0.14385
0.03 0.0018 0.1428
0.0312 0.00165888 0.141738
0.0324 0.00152352 0.140665
0.0336 0.00139392 0.13958
0.0348 0.00127008 0.138484
0.036 0.001152 0.137376
0.0372 0.00103968 0.136257
0.0384 0.00093312 0.135126
0.0396 0.00083232 0.133983
0.0408 0.00073728 0.132829
0.042 0.000648 0.131664
0.0432 0.00056448 0.130487
0.0444 0.00048672 0.129299
0.0456 0.00041472 0.128099
0.0468 0.00034848 0.126887
0.048 0.000288 0.125664
0.0492 0.00023328 0.124429
0.0504 0.00018432 0.123183
0.0516 0.00014112 0.121926
0.0528 0.00010368 0.120657
0.054 7.2e-05 0.119376
0.0552 4.608e-05 0.118084
0.0564 2.592e-05 0.11678
0.0576 1.152e-05 0.115465
0.0588 2.88e-06 0.114138
0.06 0 0.1128

0 0.0032 0.1136
0.0008 0.00307328 0.112989
0.0016 0.00294912 0.112374
0.0024 0.00282752 0.111753
0.0032 0.00270848 0.111127
0.004 0.002592 0.110496
0.0048 0.00247808 0.10986
0.0056 0.00236672 0.109219
0.0064 0.00225792 0.108572
0.0072 0.00215168 0.107921
0.008 0.002048 0.107264
0.0088 0.00194688 0.106602
0.0096 0.00184832 0.105935
0.0104 0.00175232 0.105263
0.0112 0.00165888 0.104586
0.012 0.001568 0.103904
0.0128 0.00147968 0.103217
0.0136 0.00139392 0.102524
0.0144 0.00131072 0.101827
0.0152 0.00123008 0.101124
0.016 0.001152 0.100416
0.0168 0.00107648 0.099703
0.0176 0.00100352 0.098985
0.0184 0.00093312 0.0982618
0.0192 0.00086528 0.0975334
0.02 0.0008 0.0968
0.0208 0.00073728 0.0960614
0.0216 0.00067712 0.0953178
0.0224 0.00061952 0.094569
0.0232 0.00056448 0.093815
0.024 0.000512 0.093056
0.0248 0.00046208 0.0922918
0.0256 0.00041472 0.0915226
0.0264 0.00036992 0.0907482
0.0272 0.00032768 0.0899686
0.028 0.000288 0.089184
0.0288 0.00025088 0.0883942
0.0296 0.00021632 0.0875994
0.0304 0.00018432 0.0867994
0.0312 0.00015488 0.0859942
0.032 0.000128 0.085184
0.0328 0.00010368 0.0843686
0.0336 8.192e-05 0.0835482
0.0344 6.272e-05 0.0827226
0.0352 4.608e-05 0.0818918
0.036 3.2e-05 0.081056
0.0368 2.048e-05 0.080215
0.0376 1.152e-05 0.079369
0.0384 5.12e-06 0.0785178
0.0392 1.28e-06 0.0776614
0.04 0 0.0768

0 0.0008 0.0584
0.0004 0.00076832 0.0580474
0.0008 0.00073728 0.0576934
0.0012 0.00070688 0.0573382
0.0016 0.00067712 0.0569818
0.002 0.000648 0.056624
0.0024 0.00061952 0.056265
0.0028 0.00059168 0.0559046
0.0032 0.00056448 0.055543
0.0036 0.00053792 0.0551802
0.004 0.000512 0.054816
0.0044 0.00048672 0.0544506
0.0048 0.00046208 0.0540838
0.0052 0.00043808 0.0537158
0.0056 0.00041472 0.0533466
0.006 0.000392 0.052976
0.0064 0.00036992 0.0526042
0.0068 0.00034848 0.052231
0.0072 0.00032768 0.0518566
0.0076 0.00030752 0.051481
0.008 0.000288 0.051104
0.0084 0.00026912 0.0507258
0.0088 0.00025088 0.0503462
0.0092 0.00023328 0.0499654
0.0096 0.00021632 0.0495834
0.01 0.0002 0.0492
0.0104 0.00018432 0.0488154
0.0108 0.00016928 0.0484294
0.0112 0.00015488 0.0480422
0.0116 0.00014112 0.0476538
0.012 0.000128 0.047264
0.0124 0.00011552 0.046873
0.0128 0.00010368 0.0464806
0.0132 9.248e-05 0.046087
0.0136 8.192e-05 0.0456922
0.014 7.2e-05 0.045296
0.0144 6.272e-05 0.0448986
0.0148 5.408e-05 0.0444998
0.0152 4.608e-05 0.0440998
0.0156 3.872e-05 0.0436986
0.016 3.2e-05 0.043296
0.0164 2.592e-05 0.0428922
0.0168 2.048e-05 0.042487
0.0172 1.568e-05 0.0420806
0.0176 1.152e-05 0.041673
0.018 8e-06 0.041264
0.0184 5.12e-06 0.0408538
0.0188 2.88e-06 0.0404422
0.0192 1.28e-06 0.0400294
0.0196 3.2e-07 0.0396154
0.02 0 0.0392

0 0 0
0 0 0
0 0 0
0 0 0
0 0 0
0 0 0
0 0 0
0 0 0
0 0 0
0 0 0
0 0 0
0 0 0
0 0 0
0 0 0
0 0 0
0 0 0
0 0 0
0 0 0
0 0 0
0 0 0
0 0 0
0 0 0
0 0 0
0 0 0
0 0 0
0 0 0
0 0 0
0 0 0
0 0 0
0 0 0
0 0 0
0 0 0
0 0 0
0 0 0
0 0 0
0 0 0
0 0 0
0 0 0
0 0 0
0 0 0
0 0 0
0 0 0
0 0 0
0 0 0
0 0 0
0 0 0
0 0 0
0 0 0
0 0 0
0 0 0
0 0 0

