0 1 0.5
0.02 0.98 0.5096
0.04 0.96 0.5184
0.06 0.94 0.5264
0.08 0.92 0.5336
0.1 0.9 0.54
0.12 0.88 0.5456
0.14 0.86 0.5504
0.16 0.84 0.5544
0.18 0.82 0.5576
0.2 0.8 0.56
0.22 0.78 0.5616
0.24 0.76 0.5624
0.26 0.74 0.5624
0.28 0.72 0.5616
0.3 0.7 0.56
0.32 0.68 0.5576
0.34 0.66 0.5544
0.36 0.64 0.5504
0.38 0.62 0.5456
0.4 0.6 0.54
0.42 0.58 0.5336
0.44 0.56 0.5264
0.46 0.54 0.5184
0.48 0.52 0.5096
0.5 0.5 0.5
0.52 0.48 0.4896
0.54 0.46 0.4784
0.56 0.44 0.4664
0.58 0.42 0.4536
0.6 0.4 0.44
0.62 0.38 0.4256
0.64 0.36 0.4104
0.66 0.34 0.3944
0.68 0.32 0.3776
0.7 0.3 0.36
0.72 0.28 0.3416
0.74 0.26 0.3224
0.76 0.24 0.3024
0.78 0.22 0.2816
0.8 0.2 0.26
0.82 0.18 0.2376
0.84 0.16 0.2144
0.86 0.14 0.1904
0.88 0.12 0.1656
0.9 0.1 0.14
0.92 0.08 0.1136
0.94 0.06 0.0864
0.96 0.04 0.0584
0.98 0.02 0.0296
1 0 0
0 0.98 0.5096
0.0196 0.9604 0.519016
0.0392 0.9408 0.527663
0.0588 0.9212 0.535543
0.0784 0.9016 0.542653
0.098 0.882 0.548996
0.1176 0.8624 0.55457
0.1372 0.8428 0.559376
0.1568 0.8232 0.563414
0.1764 0.8036 0.566683
0.196 0.784 0.569184
0.2156 0.7644 0.570917
0.2352 0.7448 0.571881
0.2548 0.7252 0.572077
0.2744 0.7056 0.571505
0.294 0.686 0.570164
0.3136 0.6664 0.568055
0.3332 0.6468 0.565178
0.3528 0.6272 0.561532
0.3724 0.6076 0.557118
0.392 0.588 0.551936
0.4116 0.5684 0.545985
0.4312 0.5488 0.539267
0.4508 0.5292 0.531779
0.4704 0.5096 0.523524
0.49 0.49 0.5145
0.5096 0.4704 0.504708
0.5292 0.4508 0.494147
0.5488 0.4312 0.482819
0.5684 0.4116 0.470721
0.588 0.392 0.457856
0.6076 0.3724 0.444222
0.6272 0.3528 0.42982
0.6468 0.3332 0.41465
0.6664 0.3136 0.398711
0.686 0.294 0.382004
0.7056 0.2744 0.364529
0.7252 0.2548 0.346285
0.7448 0.2352 0.327273
0.7644 0.2156 0.307493
0.784 0.196 0.286944
0.8036 0.1764 0.265627
0.8232 0.1568 0.243542
0.8428 0.1372 0.220688
0.8624 0.1176 0.197066
0.882 0.098 0.172676
0.9016 0.0784 0.147517
0.9212 0.0588 0.121591
0.9408 0.0392 0.0948954
0.9604 0.0196 0.0674318
0.98 0 0.0392
0 0.96 0.5184
0.0192 0.9408 0.527631
0.0384 0.9216 0.536125
0.0576 0.9024 0.543882
0.0768 0.8832 0.550902
0.096 0.864 0.557184
0.1152 0.8448 0.562729
0.1344 0.8256 0.567537
0.1536 0.8064 0.571607
0.1728 0.7872 0.57494
0.192 0.768 0.577536
0.2112 0.7488 0.579395
0.2304 0.7296 0.580516
0.2496 0.7104 0.5809
0.2688 0.6912 0.580547
0.288 0.672 0.579456
0.3072 0.6528 0.577628
0.3264 0.6336 0.575063
0.3456 0.6144 0.571761
0.3648 0.5952 0.567721
0.384 0.576 0.562944
0.4032 0.5568 0.55743
0.4224 0.5376 0.551178
0.4416 0.5184 0.544189
0.4608 0.4992 0.536463
0.48 0.48 0.528
0.4992 0.4608 0.518799
0.5184 0.4416 0.508861
0.5376 0.4224 0.498186
0.5568 0.4032 0.486774
0.576 0.384 0.474624
0.5952 0.3648 0.461737
0.6144 0.3456 0.448113
0.6336 0.3264 0.433751
0.6528 0.3072 0.418652
0.672 0.288 0.402816
0.6912 0.2688 0.386243
0.7104 0.2496 0.368932
0.7296 0.2304 0.350884
0.7488 0.2112 0.332099
0.768 0.192 0.312576
0.7872 0.1728 0.292316
0.8064 0.1536 0.271319
0.8256 0.1344 0.249585
0.8448 0.1152 0.227113
0.864 0.096 0.203904
0.8832 0.0768 0.179958
0.9024 0.0576 0.155274
0.9216 0.0384 0.129853
0.9408 0.0192 0.103695
0.96 0 0.0768
0 0.94 0.5264
0.0188 0.9212 0.535447
0.0376 0.9024 0.543786
0.0564 0.8836 0.551419
0.0752 0.8648 0.558345
0.094 0.846 0.564564
0.1128 0.8272 0.570076
0.1316 0.8084 0.574881
0.1504 0.7896 0.57898
0.1692 0.7708 0.582371
0.188 0.752 0.585056
0.2068 0.7332 0.587034
0.2256 0.7144 0.588305
0.2444 0.6956 0.588869
0.2632 0.6768 0.588726
0.282 0.658 0.587876
0.3008 0.6392 0.586319
0.3196 0.6204 0.584056
0.3384 0.6016 0.581085
0.3572 0.5828 0.577408
0.376 0.564 0.573024
0.3948 0.5452 0.567933
0.4136 0.5264 0.562135
0.4324 0.5076 0.55563
0.4512 0.4888 0.548419
0.47 0.47 0.5405
0.4888 0.4512 0.531875
0.5076 0.4324 0.522542
0.5264 0.4136 0.512503
0.5452 0.3948 0.501757
0.564 0.376 0.490304
0.5828 0.3572 0.478144
0.6016 0.3384 0.465277
0.6204 0.3196 0.451704
0.6392 0.3008 0.437423
0.658 0.282 0.422436
0.6768 0.2632 0.406742
0.6956 0.2444 0.390341
0.7144 0.2256 0.373233
0.7332 0.2068 0.355418
0.752 0.188 0.336896
0.7708 0.1692 0.317667
0.7896 0.1504 0.297732
0.8084 0.1316 0.277089
0.8272 0.1128 0.25574
0.846 0.094 0.233684
0.8648 0.0752 0.210921
0.8836 0.0564 0.187451
0.9024 0.0376 0.163274
0.9212 0.0188 0.138391
0.94 0 0.1128
0 0.92 0.5336
0.0184 0.9016 0.542461
0.0368 0.8832 0.550646
0.0552 0.8648 0.558153
0.0736 0.8464 0.564983
0.092 0.828 0.571136
0.1104 0.8096 0.576612
0.1288 0.7912 0.581411
0.1472 0.7728 0.585532
0.1656 0.7544 0.588977
0.184 0.736 0.591744
0.2024 0.7176 0.593834
0.2208 0.6992 0.595247
0.2392 0.6808 0.595983
0.2576 0.6624 0.596042
0.276 0.644 0.595424
0.2944 0.6256 0.594129
0.3128 0.6072 0.592156
0.3312 0.5888 0.589507
0.3496 0.5704 0.58618
0.368 0.552 0.582176
0.3864 0.5336 0.577495
0.4048 0.5152 0.572137
0.4232 0.4968 0.566102
0.4416 0.4784 0.559389
0.46 0.46 0.552
0.4784 0.4416 0.543933
0.4968 0.4232 0.53519
0.5152 0.4048 0.525769
0.5336 0.3864 0.515671
0.552 0.368 0.504896
0.5704 0.3496 0.493444
0.5888 0.3312 0.481315
0.6072 0.3128 0.468508
0.6256 0.2944 0.455025
0.644 0.276 0.440864
0.6624 0.2576 0.426026
0.6808 0.2392 0.410511
0.6992 0.2208 0.394319
0.7176 0.2024 0.37745
0.736 0.184 0.359904
0.7544 0.1656 0.341681
0.7728 0.1472 0.32278
0.7912 0.1288 0.303203
0.8096 0.1104 0.282948
0.828 0.092 0.262016
0.8464 0.0736 0.240407
0.8648 0.0552 0.218121
0.8832 0.0368 0.195158
0.9016 0.0184 0.171517
0.92 0 0.1472
0 0.9 0.54
0.018 0.882 0.548676
0.036 0.864 0.556704
0.054 0.846 0.564084
0.072 0.828 0.570816
0.09 0.81 0.5769
0.108 0.792 0.582336
0.126 0.774 0.587124
0.144 0.756 0.591264
0.162 0.738 0.594756
0.18 0.72 0.5976
0.198 0.702 0.599796
0.216 0.684 0.601344
0.234 0.666 0.602244
0.252 0.648 0.602496
0.27 0.63 0.6021
0.288 0.612 0.601056
0.306 0.594 0.599364
0.324 0.576 0.597024
0.342 0.558 0.594036
0.36 0.54 0.5904
0.378 0.522 0.586116
0.396 0.504 0.581184
0.414 0.486 0.575604
0.432 0.468 0.569376
0.45 0.45 0.5625
0.468 0.432 0.554976
0.486 0.414 0.546804
0.504 0.396 0.537984
0.522 0.378 0.528516
0.54 0.36 0.5184
0.558 0.342 0.507636
0.576 0.324 0.496224
0.594 0.306 0.484164
0.612 0.288 0.471456
0.63 0.27 0.4581
0.648 0.252 0.444096
0.666 0.234 0.429444
0.684 0.216 0.414144
0.702 0.198 0.398196
0.72 0.18 0.3816
0.738 0.162 0.364356
0.756 0.144 0.346464
0.774 0.126 0.327924
0.792 0.108 0.308736
0.81 0.09 0.2889
0.828 0.072 0.268416
0.846 0.054 0.247284
0.864 0.036 0.225504
0.882 0.018 0.203076
0.9 0 0.18
0 0.88 0.5456
0.0176 0.8624 0.55409
0.0352 0.8448 0.561961
0.0528 0.8272 0.569212
0.0704 0.8096 0.575844
0.088 0.792 0.581856
0.1056 0.7744 0.587249
0.1232 0.7568 0.592022
0.1408 0.7392 0.596175
0.1584 0.7216 0.599709
0.176 0.704 0.602624
0.1936 0.6864 0.604919
0.2112 0.6688 0.606595
0.2288 0.6512 0.607651
0.2464 0.6336 0.608087
0.264 0.616 0.607904
0.2816 0.5984 0.607101
0.2992 0.5808 0.605679
0.3168 0.5632 0.603638
0.3344 0.5456 0.600977
0.352 0.528 0.597696
0.3696 0.5104 0.593796
0.3872 0.4928 0.589276
0.4048 0.4752 0.584137
0.4224 0.4576 0.578378
0.44 0.44 0.572
0.4576 0.4224 0.565002
0.4752 0.4048 0.557385
0.4928 0.3872 0.549148
0.5104 0.3696 0.540292
0.528 0.352 0.530816
0.5456 0.3344 0.520721
0.5632 0.3168 0.510006
0.5808 0.2992 0.498671
0.5984 0.2816 0.486717
0.616 0.264 0.474144
0.6336 0.2464 0.460951
0.6512 0.2288 0.447139
0.6688 0.2112 0.432707
0.6864 0.1936 0.417655
0.704 0.176 0.401984
0.7216 0.1584 0.385693
0.7392 0.1408 0.368783
0.7568 0.1232 0.351254
0.7744 0.1056 0.333105
0.792 0.088 0.314336
0.8096 0.0704 0.294948
0.8272 0.0528 0.27494
0.8448 0.0352 0.254313
0.8624 0.0176 0.233066
0.88 0 0.2112
0 0.86 0.5504
0.0172 0.8428 0.558704
0.0344 0.8256 0.566417
0.0516 0.8084 0.573537
0.0688 0.7912 0.580067
0.086 0.774 0.586004
0.1032 0.7568 0.59135
0.1204 0.7396 0.596104
0.1376 0.7224 0.600266
0.1548 0.7052 0.603837
0.172 0.688 0.606816
0.1892 0.6708 0.609203
0.2064 0.6536 0.610999
0.2236 0.6364 0.612203
0.2408 0.6192 0.612815
0.258 0.602 0.612836
0.2752 0.5848 0.612265
0.2924 0.5676 0.611102
0.3096 0.5504 0.609348
0.3268 0.5332 0.607002
0.344 0.516 0.604064
0.3612 0.4988 0.600535
0.3784 0.4816 0.596413
0.3956 0.4644 0.591701
0.4128 0.4472 0.586396
0.43 0.43 0.5805
0.4472 0.4128 0.574012
0.4644 0.3956 0.566933
0.4816 0.3784 0.559261
0.4988 0.3612 0.550999
0.516 0.344 0.542144
0.5332 0.3268 0.532698
0.5504 0.3096 0.52266
0.5676 0.2924 0.51203
0.5848 0.2752 0.500809
0.602 0.258 0.488996
0.6192 0.2408 0.476591
0.6364 0.2236 0.463595
0.6536 0.2064 0.450007
0.6708 0.1892 0.435827
0.688 0.172 0.421056
0.7052 0.1548 0.405693
0.7224 0.1376 0.389738
0.7396 0.1204 0.373192
0.7568 0.1032 0.356054
0.774 0.086 0.338324
0.7912 0.0688 0.320003
0.8084 0.0516 0.301089
0.8256 0.0344 0.281585
0.8428 0.0172 0.261488
0.86 0 0.2408
0 0.84 0.5544
0.0168 0.8232 0.562518
0.0336 0.8064 0.570071
0.0504 0.7896 0.57706
0.0672 0.7728 0.583484
0.084 0.756 0.589344
0.1008 0.7392 0.594639
0.1176 0.7224 0.59937
0.1344 0.7056 0.603537
0.1512 0.6888 0.607139
0.168 0.672 0.610176
0.1848 0.6552 0.612649
0.2016 0.6384 0.614557
0.2184 0.6216 0.615901
0.2352 0.6048 0.616681
0.252 0.588 0.616896
0.2688 0.5712 0.616547
0.2856 0.5544 0.615633
0.3024 0.5376 0.614154
0.3192 0.5208 0.612111
0.336 0.504 0.609504
0.3528 0.4872 0.606332
0.3696 0.4704 0.602596
0.3864 0.4536 0.598295
0.4032 0.4368 0.59343
0.42 0.42 0.588
0.4368 0.4032 0.582006
0.4536 0.3864 0.575447
0.4704 0.3696 0.568324
0.4872 0.3528 0.560636
0.504 0.336 0.552384
0.5208 0.3192 0.543567
0.5376 0.3024 0.534186
0.5544 0.2856 0.524241
0.5712 0.2688 0.513731
0.588 0.252 0.502656
0.6048 0.2352 0.491017
0.6216 0.2184 0.478813
0.6384 0.2016 0.466045
0.6552 0.1848 0.452713
0.672 0.168 0.438816
0.6888 0.1512 0.424355
0.7056 0.1344 0.409329
0.7224 0.1176 0.393738
0.7392 0.1008 0.377583
0.756 0.084 0.360864
0.7728 0.0672 0.34358
0.7896 0.0504 0.325732
0.8064 0.0336 0.307319
0.8232 0.0168 0.288342
0.84 0 0.2688
0 0.82 0.5576
0.0164 0.8036 0.565531
0.0328 0.7872 0.572924
0.0492 0.7708 0.579779
0.0656 0.7544 0.586097
0.082 0.738 0.591876
0.0984 0.7216 0.597117
0.1148 0.7052 0.601821
0.1312 0.6888 0.605987
0.1476 0.6724 0.609614
0.164 0.656 0.612704
0.1804 0.6396 0.615256
0.1968 0.6232 0.61727
0.2132 0.6068 0.618746
0.2296 0.5904 0.619684
0.246 0.574 0.620084
0.2624 0.5576 0.619946
0.2788 0.5412 0.619271
0.2952 0.5248 0.618057
0.3116 0.5084 0.616305
0.328 0.492 0.614016
0.3444 0.4756 0.611189
0.3608 0.4592 0.607823
0.3772 0.4428 0.60392
0.3936 0.4264 0.599479
0.41 0.41 0.5945
0.4264 0.3936 0.588983
0.4428 0.3772 0.582928
0.4592 0.3608 0.576335
0.4756 0.3444 0.569205
0.492 0.328 0.561536
0.5084 0.3116 0.553329
0.5248 0.2952 0.544585
0.5412 0.2788 0.535303
0.5576 0.2624 0.525482
0.574 0.246 0.515124
0.5904 0.2296 0.504228
0.6068 0.2132 0.492794
0.6232 0.1968 0.480822
0.6396 0.1804 0.468312
0.656 0.164 0.455264
0.6724 0.1476 0.441678
0.6888 0.1312 0.427555
0.7052 0.1148 0.412893
0.7216 0.0984 0.397693
0.738 0.082 0.381956
0.7544 0.0656 0.365681
0.7708 0.0492 0.348867
0.7872 0.0328 0.331516
0.8036 0.0164 0.313627
0.82 0 0.2952
0 0.8 0.56
0.016 0.784 0.567744
0.032 0.768 0.574976
0.048 0.752 0.581696
0.064 0.736 0.587904
0.08 0.72 0.5936
0.096 0.704 0.598784
0.112 0.688 0.603456
0.128 0.672 0.607616
0.144 0.656 0.611264
0.16 0.64 0.6144
0.176 0.624 0.617024
0.192 0.608 0.619136
0.208 0.592 0.620736
0.224 0.576 0.621824
0.24 0.56 0.6224
0.256 0.544 0.622464
0.272 0.528 0.622016
0.288 0.512 0.621056
0.304 0.496 0.619584
0.32 0.48 0.6176
0.336 0.464 0.615104
0.352 0.448 0.612096
0.368 0.432 0.608576
0.384 0.416 0.604544
0.4 0.4 0.6
0.416 0.384 0.594944
0.432 0.368 0.589376
0.448 0.352 0.583296
0.464 0.336 0.576704
0.48 0.32 0.5696
0.496 0.304 0.561984
0.512 0.288 0.553856
0.528 0.272 0.545216
0.544 0.256 0.536064
0.56 0.24 0.5264
0.576 0.224 0.516224
0.592 0.208 0.505536
0.608 0.192 0.494336
0.624 0.176 0.482624
0.64 0.16 0.4704
0.656 0.144 0.457664
0.672 0.128 0.444416
0.688 0.112 0.430656
0.704 0.096 0.416384
0.72 0.08 0.4016
0.736 0.064 0.386304
0.752 0.048 0.370496
0.768 0.032 0.354176
0.784 0.016 0.337344
0.8 0 0.32
0 0.78 0.5616
0.0156 0.7644 0.569157
0.0312 0.7488 0.576227
0.0468 0.7332 0.58281
0.0624 0.7176 0.588906
0.078 0.702 0.594516
0.0936 0.6864 0.599639
0.1092 0.6708 0.604275
0.1248 0.6552 0.608425
0.1404 0.6396 0.612088
0.156 0.624 0.615264
0.1716 0.6084 0.617953
0.1872 0.5928 0.620156
0.2028 0.5772 0.621872
0.2184 0.5616 0.623101
0.234 0.546 0.623844
0.2496 0.5304 0.6241
0.2652 0.5148 0.623869
0.2808 0.4992 0.623151
0.2964 0.4836 0.621947
0.312 0.468 0.620256
0.3276 0.4524 0.618078
0.3432 0.4368 0.615414
0.3588 0.4212 0.612263
0.3744 0.4056 0.608625
0.39 0.39 0.6045
0.4056 0.3744 0.599889
0.4212 0.3588 0.594791
0.4368 0.3432 0.589206
0.4524 0.3276 0.583134
0.468 0.312 0.576576
0.4836 0.2964 0.569531
0.4992 0.2808 0.561999
0.5148 0.2652 0.553981
0.5304 0.2496 0.545476
0.546 0.234 0.536484
0.5616 0.2184 0.527005
0.5772 0.2028 0.51704
0.5928 0.1872 0.506588
0.6084 0.1716 0.495649
0.624 0.156 0.484224
0.6396 0.1404 0.472312
0.6552 0.1248 0.459913
0.6708 0.1092 0.447027
0.6864 0.0936 0.433655
0.702 0.078 0.419796
0.7176 0.0624 0.40545
0.7332 0.0468 0.390618
0.7488 0.0312 0.375299
0.7644 0.0156 0.359493
0.78 0 0.3432
0 0.76 0.5624
0.0152 0.7448 0.569769
0.0304 0.7296 0.576676
0.0456 0.7144 0.583121
0.0608 0.6992 0.589103
0.076 0.684 0.594624
0.0912 0.6688 0.599683
0.1064 0.6536 0.604279
0.1216 0.6384 0.608413
0.1368 0.6232 0.612086
0.152 0.608 0.615296
0.1672 0.5928 0.618044
0.1824 0.5776 0.62033
0.1976 0.5624 0.622154
0.2128 0.5472 0.623516
0.228 0.532 0.624416
0.2432 0.5168 0.624854
0.2584 0.5016 0.624829
0.2736 0.4864 0.624343
0.2888 0.4712 0.623395
0.304 0.456 0.621984
0.3192 0.4408 0.620111
0.3344 0.4256 0.617777
0.3496 0.4104 0.61498
0.3648 0.3952 0.611721
0.38 0.38 0.608
0.3952 0.3648 0.603817
0.4104 0.3496 0.599172
0.4256 0.3344 0.594065
0.4408 0.3192 0.588495
0.456 0.304 0.582464
0.4712 0.2888 0.575971
0.4864 0.2736 0.569015
0.5016 0.2584 0.561597
0.5168 0.2432 0.553718
0.532 0.228 0.545376
0.5472 0.2128 0.536572
0.5624 0.1976 0.527306
0.5776 0.1824 0.517578
0.5928 0.1672 0.507388
0.608 0.152 0.496736
0.6232 0.1368 0.485622
0.6384 0.1216 0.474045
0.6536 0.1064 0.462007
0.6688 0.0912 0.449507
0.684 0.076 0.436544
0.6992 0.0608 0.423119
0.7144 0.0456 0.409233
0.7296 0.0304 0.394884
0.7448 0.0152 0.380073
0.76 0 0.3648
0 0.74 0.5624
0.0148 0.7252 0.569581
0.0296 0.7104 0.576324
0.0444 0.6956 0.582629
0.0592 0.6808 0.588495
0.074 0.666 0.593924
0.0888 0.6512 0.598915
0.1036 0.6364 0.603467
0.1184 0.6216 0.607581
0.1332 0.6068 0.611258
0.148 0.592 0.614496
0.1628 0.5772 0.617296
0.1776 0.5624 0.619658
0.1924 0.5476 0.621582
0.2072 0.5328 0.623068
0.222 0.518 0.624116
0.2368 0.5032 0.624726
0.2516 0.4884 0.624897
0.2664 0.4736 0.624631
0.2812 0.4588 0.623927
0.296 0.444 0.622784
0.3108 0.4292 0.621203
0.3256 0.4144 0.619185
0.3404 0.3996 0.616728
0.3552 0.3848 0.613833
0.37 0.37 0.6105
0.3848 0.3552 0.606729
0.3996 0.3404 0.60252
0.4144 0.3256 0.597873
0.4292 0.3108 0.592787
0.444 0.296 0.587264
0.4588 0.2812 0.581303
0.4736 0.2664 0.574903
0.4884 0.2516 0.568065
0.5032 0.2368 0.56079
0.518 0.222 0.553076
0.5328 0.2072 0.544924
0.5476 0.1924 0.536334
0.5624 0.1776 0.527306
0.5772 0.1628 0.51784
0.592 0.148 0.507936
0.6068 0.1332 0.497594
0.6216 0.1184 0.486813
0.6364 0.1036 0.475595
0.6512 0.0888 0.463939
0.666 0.074 0.451844
0.6808 0.0592 0.439311
0.6956 0.0444 0.426341
0.7104 0.0296 0.412932
0.7252 0.0148 0.399085
0.74 0 0.3848
0 0.72 0.5616
0.0144 0.7056 0.568593
0.0288 0.6912 0.575171
0.0432 0.6768 0.581334
0.0576 0.6624 0.587082
0.072 0.648 0.592416
0.0864 0.6336 0.597335
0.1008 0.6192 0.601839
0.1152 0.6048 0.605929
0.1296 0.5904 0.609604
0.144 0.576 0.612864
0.1584 0.5616 0.615709
0.1728 0.5472 0.61814
0.1872 0.5328 0.620156
0.2016 0.5184 0.621757
0.216 0.504 0.622944
0.2304 0.4896 0.623716
0.2448 0.4752 0.624073
0.2592 0.4608 0.624015
0.2736 0.4464 0.623543
0.288 0.432 0.622656
0.3024 0.4176 0.621354
0.3168 0.4032 0.619638
0.3312 0.3888 0.617507
0.3456 0.3744 0.614961
0.36 0.36 0.612
0.3744 0.3456 0.608625
0.3888 0.3312 0.604835
0.4032 0.3168 0.60063
0.4176 0.3024 0.59601
0.432 0.288 0.590976
0.4464 0.2736 0.585527
0.4608 0.2592 0.579663
0.4752 0.2448 0.573385
0.4896 0.2304 0.566692
0.504 0.216 0.559584
0.5184 0.2016 0.552061
0.5328 0.1872 0.544124
0.5472 0.1728 0.535772
0.5616 0.1584 0.527005
0.576 0.144 0.517824
0.5904 0.1296 0.508228
0.6048 0.1152 0.498217
0.6192 0.1008 0.487791
0.6336 0.0864 0.476951
0.648 0.072 0.465696
0.6624 0.0576 0.454026
0.6768 0.0432 0.441942
0.6912 0.0288 0.429443
0.7056 0.0144 0.416529
0.72 0 0.4032
0 0.7 0.56
0.014 0.686 0.566804
0.028 0.672 0.573216
0.042 0.658 0.579236
0.056 0.644 0.584864
0.07 0.63 0.5901
0.084 0.616 0.594944
0.098 0.602 0.599396
0.112 0.588 0.603456
0.126 0.574 0.607124
0.14 0.56 0.6104
0.154 0.546 0.613284
0.168 0.532 0.615776
0.182 0.518 0.617876
0.196 0.504 0.619584
0.21 0.49 0.6209
0.224 0.476 0.621824
0.238 0.462 0.622356
0.252 0.448 0.622496
0.266 0.434 0.622244
0.28 0.42 0.6216
0.294 0.406 0.620564
0.308 0.392 0.619136
0.322 0.378 0.617316
0.336 0.364 0.615104
0.35 0.35 0.6125
0.364 0.336 0.609504
0.378 0.322 0.606116
0.392 0.308 0.602336
0.406 0.294 0.598164
0.42 0.28 0.5936
0.434 0.266 0.588644
0.448 0.252 0.583296
0.462 0.238 0.577556
0.476 0.224 0.571424
0.49 0.21 0.5649
0.504 0.196 0.557984
0.518 0.182 0.550676
0.532 0.168 0.542976
0.546 0.154 0.534884
0.56 0.14 0.5264
0.574 0.126 0.517524
0.588 0.112 0.508256
0.602 0.098 0.498596
0.616 0.084 0.488544
0.63 0.07 0.4781
0.644 0.056 0.467264
0.658 0.042 0.456036
0.672 0.028 0.444416
0.686 0.014 0.432404
0.7 0 0.42
0 0.68 0.5576
0.0136 0.6664 0.564215
0.0272 0.6528 0.57046
0.0408 0.6392 0.576335
0.0544 0.6256 0.581841
0.068 0.612 0.586976
0.0816 0.5984 0.591741
0.0952 0.5848 0.596137
0.1088 0.5712 0.600163
0.1224 0.5576 0.603818
0.136 0.544 0.607104
0.1496 0.5304 0.61002
0.1632 0.5168 0.612566
0.1768 0.5032 0.614742
0.1904 0.4896 0.616548
0.204 0.476 0.617984
0.2176 0.4624 0.61905
0.2312 0.4488 0.619747
0.2448 0.4352 0.620073
0.2584 0.4216 0.620029
0.272 0.408 0.619616
0.2856 0.3944 0.618833
0.2992 0.3808 0.617679
0.3128 0.3672 0.616156
0.3264 0.3536 0.614263
0.34 0.34 0.612
0.3536 0.3264 0.609367
0.3672 0.3128 0.606364
0.3808 0.2992 0.602991
0.3944 0.2856 0.599249
0.408 0.272 0.595136
0.4216 0.2584 0.590653
0.4352 0.2448 0.585801
0.4488 0.2312 0.580579
0.4624 0.2176 0.574986
0.476 0.204 0.569024
0.4896 0.1904 0.562692
0.5032 0.1768 0.55599
0.5168 0.1632 0.548918
0.5304 0.1496 0.541476
0.544 0.136 0.533664
0.5576 0.1224 0.525482
0.5712 0.1088 0.516931
0.5848 0.0952 0.508009
0.5984 0.0816 0.498717
0.612 0.068 0.489056
0.6256 0.0544 0.479025
0.6392 0.0408 0.468623
0.6528 0.0272 0.457852
0.6664 0.0136 0.446711
0.68 0 0.4352
0 0.66 0.5544
0.0132 0.6468 0.560826
0.0264 0.6336 0.566903
0.0396 0.6204 0.572632
0.0528 0.6072 0.578012
0.066 0.594 0.583044
0.0792 0.5808 0.587727
0.0924 0.5676 0.592062
0.1056 0.5544 0.596049
0.1188 0.5412 0.599687
0.132 0.528 0.602976
0.1452 0.5148 0.605917
0.1584 0.5016 0.608509
0.1716 0.4884 0.610753
0.1848 0.4752 0.612649
0.198 0.462 0.614196
0.2112 0.4488 0.615395
0.2244 0.4356 0.616245
0.2376 0.4224 0.616746
0.2508 0.4092 0.616899
0.264 0.396 0.616704
0.2772 0.3828 0.61616
0.2904 0.3696 0.615268
0.3036 0.3564 0.614027
0.3168 0.3432 0.612438
0.33 0.33 0.6105
0.3432 0.3168 0.608214
0.3564 0.3036 0.605579
0.3696 0.2904 0.602596
0.3828 0.2772 0.599264
0.396 0.264 0.595584
0.4092 0.2508 0.591555
0.4224 0.2376 0.587178
0.4356 0.2244 0.582453
0.4488 0.2112 0.577379
0.462 0.198 0.571956
0.4752 0.1848 0.566185
0.4884 0.1716 0.560065
0.5016 0.1584 0.553597
0.5148 0.1452 0.546781
0.528 0.132 0.539616
0.5412 0.1188 0.532103
0.5544 0.1056 0.524241
0.5676 0.0924 0.51603
0.5808 0.0792 0.507471
0.594 0.066 0.498564
0.6072 0.0528 0.489308
0.6204 0.0396 0.479704
0.6336 0.0264 0.469751
0.6468 0.0132 0.45945
0.66 0 0.4488
0 0.64 0.5504
0.0128 0.6272 0.556636
0.0256 0.6144 0.562545
0.0384 0.6016 0.568125
0.0512 0.5888 0.573379
0.064 0.576 0.578304
0.0768 0.5632 0.582902
0.0896 0.5504 0.587172
0.1024 0.5376 0.591114
0.1152 0.5248 0.594729
0.128 0.512 0.598016
0.1408 0.4992 0.600975
0.1536 0.4864 0.603607
0.1664 0.4736 0.605911
0.1792 0.4608 0.607887
0.192 0.448 0.609536
0.2048 0.4352 0.610857
0.2176 0.4224 0.61185
0.2304 0.4096 0.612516
0.2432 0.3968 0.612854
0.256 0.384 0.612864
0.2688 0.3712 0.612547
0.2816 0.3584 0.611901
0.2944 0.3456 0.610929
0.3072 0.3328 0.609628
0.32 0.32 0.608
0.3328 0.3072 0.606044
0.3456 0.2944 0.603761
0.3584 0.2816 0.601149
0.3712 0.2688 0.598211
0.384 0.256 0.594944
0.3968 0.2432 0.59135
0.4096 0.2304 0.587428
0.4224 0.2176 0.583178
0.4352 0.2048 0.578601
0.448 0.192 0.573696
0.4608 0.1792 0.568463
0.4736 0.1664 0.562903
0.4864 0.1536 0.557015
0.4992 0.1408 0.550799
0.512 0.128 0.544256
0.5248 0.1152 0.537385
0.5376 0.1024 0.530186
0.5504 0.0896 0.52266
0.5632 0.0768 0.514806
0.576 0.064 0.506624
0.5888 0.0512 0.498115
0.6016 0.0384 0.489277
0.6144 0.0256 0.480113
0.6272 0.0128 0.47062
0.64 0 0.4608
0 0.62 0.5456
0.0124 0.6076 0.551646
0.0248 0.5952 0.557385
0.0372 0.5828 0.562816
0.0496 0.5704 0.56794
0.062 0.558 0.572756
0.0744 0.5456 0.577265
0.0868 0.5332 0.581466
0.0992 0.5208 0.585359
0.1116 0.5084 0.588945
0.124 0.496 0.592224
0.1364 0.4836 0.595195
0.1488 0.4712 0.597859
0.1612 0.4588 0.600215
0.1736 0.4464 0.602263
0.186 0.434 0.604004
0.1984 0.4216 0.605437
0.2108 0.4092 0.606563
0.2232 0.3968 0.607382
0.2356 0.3844 0.607893
0.248 0.372 0.608096
0.2604 0.3596 0.607992
0.2728 0.3472 0.60758
0.2852 0.3348 0.606861
0.2976 0.3224 0.605834
0.31 0.31 0.6045
0.3224 0.2976 0.602858
0.3348 0.2852 0.600909
0.3472 0.2728 0.598652
0.3596 0.2604 0.596088
0.372 0.248 0.593216
0.3844 0.2356 0.590037
0.3968 0.2232 0.58655
0.4092 0.2108 0.582755
0.4216 0.1984 0.578653
0.434 0.186 0.574244
0.4464 0.1736 0.569527
0.4588 0.1612 0.564503
0.4712 0.1488 0.559171
0.4836 0.1364 0.553531
0.496 0.124 0.547584
0.5084 0.1116 0.541329
0.5208 0.0992 0.534767
0.5332 0.0868 0.527898
0.5456 0.0744 0.520721
0.558 0.062 0.513236
0.5704 0.0496 0.505444
0.5828 0.0372 0.497344
0.5952 0.0248 0.488937
0.6076 0.0124 0.480222
0.62 0 0.4712
0 0.6 0.54
0.012 0.588 0.545856
0.024 0.576 0.551424
0.036 0.564 0.556704
0.048 0.552 0.561696
0.06 0.54 0.5664
0.072 0.528 0.570816
0.084 0.516 0.574944
0.096 0.504 0.578784
0.108 0.492 0.582336
0.12 0.48 0.5856
0.132 0.468 0.588576
0.144 0.456 0.591264
0.156 0.444 0.593664
0.168 0.432 0.595776
0.18 0.42 0.5976
0.192 0.408 0.599136
0.204 0.396 0.600384
0.216 0.384 0.601344
0.228 0.372 0.602016
0.24 0.36 0.6024
0.252 0.348 0.602496
0.264 0.336 0.602304
0.276 0.324 0.601824
0.288 0.312 0.601056
0.3 0.3 0.6
0.312 0.288 0.598656
0.324 0.276 0.597024
0.336 0.264 0.595104
0.348 0.252 0.592896
0.36 0.24 0.5904
0.372 0.228 0.587616
0.384 0.216 0.584544
0.396 0.204 0.581184
0.408 0.192 0.577536
0.42 0.18 0.5736
0.432 0.168 0.569376
0.444 0.156 0.564864
0.456 0.144 0.560064
0.468 0.132 0.554976
0.48 0.12 0.5496
0.492 0.108 0.543936
0.504 0.096 0.537984
0.516 0.084 0.531744
0.528 0.072 0.525216
0.54 0.06 0.5184
0.552 0.048 0.511296
0.564 0.036 0.503904
0.576 0.024 0.496224
0.588 0.012 0.488256
0.6 0 0.48
0 0.58 0.5336
0.0116 0.5684 0.539265
0.0232 0.5568 0.544662
0.0348 0.5452 0.549789
0.0464 0.5336 0.554647
0.058 0.522 0.559236
0.0696 0.5104 0.563556
0.0812 0.4988 0.567607
0.0928 0.4872 0.571388
0.1044 0.4756 0.574901
0.116 0.464 0.578144
0.1276 0.4524 0.581118
0.1392 0.4408 0.583823
0.1508 0.4292 0.586259
0.1624 0.4176 0.588426
0.174 0.406 0.590324
0.1856 0.3944 0.591953
0.1972 0.3828 0.593312
0.2088 0.3712 0.594403
0.2204 0.3596 0.595224
0.232 0.348 0.595776
0.2436 0.3364 0.596059
0.2552 0.3248 0.596073
0.2668 0.3132 0.595818
0.2784 0.3016 0.595293
0.29 0.29 0.5945
0.3016 0.2784 0.593437
0.3132 0.2668 0.592106
0.3248 0.2552 0.590505
0.3364 0.2436 0.588635
0.348 0.232 0.586496
0.3596 0.2204 0.584088
0.3712 0.2088 0.581411
0.3828 0.1972 0.578464
0.3944 0.1856 0.575249
0.406 0.174 0.571764
0.4176 0.1624 0.56801
0.4292 0.1508 0.563987
0.4408 0.1392 0.559695
0.4524 0.1276 0.555134
0.464 0.116 0.550304
0.4756 0.1044 0.545205
0.4872 0.0928 0.539836
0.4988 0.0812 0.534199
0.5104 0.0696 0.528292
0.522 0.058 0.522116
0.5336 0.0464 0.515671
0.5452 0.0348 0.508957
0.5568 0.0232 0.501974
0.5684 0.0116 0.494721
0.58 0 0.4872
0 0.56 0.5264
0.0112 0.5488 0.531875
0.0224 0.5376 0.537098
0.0336 0.5264 0.542071
0.0448 0.5152 0.546793
0.056 0.504 0.551264
0.0672 0.4928 0.555484
0.0784 0.4816 0.559453
0.0896 0.4704 0.563172
0.1008 0.4592 0.566639
0.112 0.448 0.569856
0.1232 0.4368 0.572822
0.1344 0.4256 0.575537
0.1456 0.4144 0.578001
0.1568 0.4032 0.580214
0.168 0.392 0.582176
0.1792 0.3808 0.583887
0.1904 0.3696 0.585348
0.2016 0.3584 0.586557
0.2128 0.3472 0.587516
0.224 0.336 0.588224
0.2352 0.3248 0.588681
0.2464 0.3136 0.588887
0.2576 0.3024 0.588842
0.2688 0.2912 0.588547
0.28 0.28 0.588
0.2912 0.2688 0.587203
0.3024 0.2576 0.586154
0.3136 0.2464 0.584855
0.3248 0.2352 0.583305
0.336 0.224 0.581504
0.3472 0.2128 0.579452
0.3584 0.2016 0.577149
0.3696 0.1904 0.574596
0.3808 0.1792 0.571791
0.392 0.168 0.568736
0.4032 0.1568 0.56543
0.4144 0.1456 0.561873
0.4256 0.1344 0.558065
0.4368 0.1232 0.554006
0.448 0.112 0.549696
0.4592 0.1008 0.545135
0.4704 0.0896 0.540324
0.4816 0.0784 0.535261
0.4928 0.0672 0.529948
0.504 0.056 0.524384
0.5152 0.0448 0.518569
0.5264 0.0336 0.512503
0.5376 0.0224 0.506186
0.5488 0.0112 0.499619
0.56 0 0.4928
0 0.54 0.5184
0.0108 0.5292 0.523683
0.0216 0.5184 0.528733
0.0324 0.5076 0.53355
0.0432 0.4968 0.538134
0.054 0.486 0.542484
0.0648 0.4752 0.546601
0.0756 0.4644 0.550485
0.0864 0.4536 0.554135
0.0972 0.4428 0.557552
0.108 0.432 0.560736
0.1188 0.4212 0.563687
0.1296 0.4104 0.566404
0.1404 0.3996 0.568888
0.1512 0.3888 0.571139
0.162 0.378 0.573156
0.1728 0.3672 0.57494
0.1836 0.3564 0.576491
0.1944 0.3456 0.577809
0.2052 0.3348 0.578893
0.216 0.324 0.579744
0.2268 0.3132 0.580362
0.2376 0.3024 0.580746
0.2484 0.2916 0.580897
0.2592 0.2808 0.580815
0.27 0.27 0.5805
0.2808 0.2592 0.579951
0.2916 0.2484 0.579169
0.3024 0.2376 0.578154
0.3132 0.2268 0.576906
0.324 0.216 0.575424
0.3348 0.2052 0.573709
0.3456 0.1944 0.571761
0.3564 0.1836 0.569579
0.3672 0.1728 0.567164
0.378 0.162 0.564516
0.3888 0.1512 0.561635
0.3996 0.1404 0.55852
0.4104 0.1296 0.555172
0.4212 0.1188 0.551591
0.432 0.108 0.547776
0.4428 0.0972 0.543728
0.4536 0.0864 0.539447
0.4644 0.0756 0.534933
0.4752 0.0648 0.530185
0.486 0.054 0.525204
0.4968 0.0432 0.51999
0.5076 0.0324 0.514542
0.5184 0.0216 0.508861
0.5292 0.0108 0.502947
0.54 0 0.4968
0 0.52 0.5096
0.0104 0.5096 0.514692
0.0208 0.4992 0.519567
0.0312 0.4888 0.524227
0.0416 0.4784 0.528669
0.052 0.468 0.532896
0.0624 0.4576 0.536906
0.0728 0.4472 0.5407
0.0832 0.4368 0.544278
0.0936 0.4264 0.547639
0.104 0.416 0.550784
0.1144 0.4056 0.553713
0.1248 0.3952 0.556425
0.1352 0.3848 0.558921
0.1456 0.3744 0.561201
0.156 0.364 0.563264
0.1664 0.3536 0.565111
0.1768 0.3432 0.566742
0.1872 0.3328 0.568156
0.1976 0.3224 0.569354
0.208 0.312 0.570336
0.2184 0.3016 0.571101
0.2288 0.2912 0.571651
0.2392 0.2808 0.571983
0.2496 0.2704 0.5721
0.26 0.26 0.572
0.2704 0.2496 0.571684
0.2808 0.2392 0.571151
0.2912 0.2288 0.570403
0.3016 0.2184 0.569437
0.312 0.208 0.568256
0.3224 0.1976 0.566858
0.3328 0.1872 0.565244
0.3432 0.1768 0.563414
0.3536 0.1664 0.561367
0.364 0.156 0.559104
0.3744 0.1456 0.556625
0.3848 0.1352 0.553929
0.3952 0.1248 0.551017
0.4056 0.1144 0.547889
0.416 0.104 0.544544
0.4264 0.0936 0.540983
0.4368 0.0832 0.537206
0.4472 0.0728 0.533212
0.4576 0.0624 0.529002
0.468 0.052 0.524576
0.4784 0.0416 0.519933
0.4888 0.0312 0.515075
0.4992 0.0208 0.509999
0.5096 0.0104 0.504708
0.52 0 0.4992
0 0.5 0.5
0.01 0.49 0.5049
0.02 0.48 0.5096
0.03 0.47 0.5141
0.04 0.46 0.5184
0.05 0.45 0.5225
0.06 0.44 0.5264
0.07 0.43 0.5301
0.08 0.42 0.5336
0.09 0.41 0.5369
0.1 0.4 0.54
0.11 0.39 0.5429
0.12 0.38 0.5456
0.13 0.37 0.5481
0.14 0.36 0.5504
0.15 0.35 0.5525
0.16 0.34 0.5544
0.17 0.33 0.5561
0.18 0.32 0.5576
0.19 0.31 0.5589
0.2 0.3 0.56
0.21 0.29 0.5609
0.22 0.28 0.5616
0.23 0.27 0.5621
0.24 0.26 0.5624
0.25 0.25 0.5625
0.26 0.24 0.5624
0.27 0.23 0.5621
0.28 0.22 0.5616
0.29 0.21 0.5609
0.3 0.2 0.56
0.31 0.19 0.5589
0.32 0.18 0.5576
0.33 0.17 0.5561
0.34 0.16 0.5544
0.35 0.15 0.5525
0.36 0.14 0.5504
0.37 0.13 0.5481
0.38 0.12 0.5456
0.39 0.11 0.5429
0.4 0.1 0.54
0.41 0.09 0.5369
0.42 0.08 0.5336
0.43 0.07 0.5301
0.44 0.06 0.5264
0.45 0.05 0.5225
0.46 0.04 0.5184
0.47 0.03 0.5141
0.48 0.02 0.5096
0.49 0.01 0.5049
0.5 0 0.5
0 0.48 0.4896
0.0096 0.4704 0.494308
0.0192 0.4608 0.498831
0.0288 0.4512 0.503171
0.0384 0.4416 0.507325
0.048 0.432 0.511296
0.0576 0.4224 0.515082
0.0672 0.4128 0.518684
0.0768 0.4032 0.522102
0.0864 0.3936 0.525335
0.096 0.384 0.528384
0.1056 0.3744 0.531249
0.1152 0.3648 0.533929
0.1248 0.3552 0.536425
0.1344 0.3456 0.538737
0.144 0.336 0.540864
0.1536 0.3264 0.542807
0.1632 0.3168 0.544566
0.1728 0.3072 0.54614
0.1824 0.2976 0.54753
0.192 0.288 0.548736
0.2016 0.2784 0.549757
0.2112 0.2688 0.550595
0.2208 0.2592 0.551247
0.2304 0.2496 0.551716
0.24 0.24 0.552
0.2496 0.2304 0.5521
0.2592 0.2208 0.552015
0.2688 0.2112 0.551747
0.2784 0.2016 0.551293
0.288 0.192 0.550656
0.2976 0.1824 0.549834
0.3072 0.1728 0.548828
0.3168 0.1632 0.547638
0.3264 0.1536 0.546263
0.336 0.144 0.544704
0.3456 0.1344 0.542961
0.3552 0.1248 0.541033
0.3648 0.1152 0.538921
0.3744 0.1056 0.536625
0.384 0.096 0.534144
0.3936 0.0864 0.531479
0.4032 0.0768 0.52863
0.4128 0.0672 0.525596
0.4224 0.0576 0.522378
0.432 0.048 0.518976
0.4416 0.0384 0.515389
0.4512 0.0288 0.511619
0.4608 0.0192 0.507663
0.4704 0.0096 0.503524
0.48 0 0.4992
0 0.46 0.4784
0.0092 0.4508 0.482915
0.0184 0.4416 0.487261
0.0276 0.4324 0.491438
0.0368 0.4232 0.495446
0.046 0.414 0.499284
0.0552 0.4048 0.502953
0.0644 0.3956 0.506453
0.0736 0.3864 0.509783
0.0828 0.3772 0.512944
0.092 0.368 0.515936
0.1012 0.3588 0.518759
0.1104 0.3496 0.521412
0.1196 0.3404 0.523896
0.1288 0.3312 0.526211
0.138 0.322 0.528356
0.1472 0.3128 0.530332
0.1564 0.3036 0.532139
0.1656 0.2944 0.533777
0.1748 0.2852 0.535245
0.184 0.276 0.536544
0.1932 0.2668 0.537674
0.2024 0.2576 0.538634
0.2116 0.2484 0.539425
0.2208 0.2392 0.540047
0.23 0.23 0.5405
0.2392 0.2208 0.540783
0.2484 0.2116 0.540897
0.2576 0.2024 0.540842
0.2668 0.1932 0.540618
0.276 0.184 0.540224
0.2852 0.1748 0.539661
0.2944 0.1656 0.538929
0.3036 0.1564 0.538027
0.3128 0.1472 0.536956
0.322 0.138 0.535716
0.3312 0.1288 0.534307
0.3404 0.1196 0.532728
0.3496 0.1104 0.53098
0.3588 0.1012 0.529063
0.368 0.092 0.526976
0.3772 0.0828 0.52472
0.3864 0.0736 0.522295
0.3956 0.0644 0.519701
0.4048 0.0552 0.516937
0.414 0.046 0.514004
0.4232 0.0368 0.510902
0.4324 0.0276 0.50763
0.4416 0.0184 0.504189
0.4508 0.0092 0.500579
0.46 0 0.4968
0 0.44 0.4664
0.0088 0.4312 0.470723
0.0176 0.4224 0.47489
0.0264 0.4136 0.478903
0.0352 0.4048 0.482761
0.044 0.396 0.486464
0.0528 0.3872 0.490012
0.0616 0.3784 0.493405
0.0704 0.3696 0.496644
0.0792 0.3608 0.499727
0.088 0.352 0.502656
0.0968 0.3432 0.50543
0.1056 0.3344 0.508049
0.1144 0.3256 0.510513
0.1232 0.3168 0.512822
0.132 0.308 0.514976
0.1408 0.2992 0.516975
0.1496 0.2904 0.51882
0.1584 0.2816 0.520509
0.1672 0.2728 0.522044
0.176 0.264 0.523424
0.1848 0.2552 0.524649
0.1936 0.2464 0.525719
0.2024 0.2376 0.526634
0.2112 0.2288 0.527395
0.22 0.22 0.528
0.2288 0.2112 0.528451
0.2376 0.2024 0.528746
0.2464 0.1936 0.528887
0.2552 0.1848 0.528873
0.264 0.176 0.528704
0.2728 0.1672 0.52838
0.2816 0.1584 0.527901
0.2904 0.1496 0.527268
0.2992 0.1408 0.526479
0.308 0.132 0.525536
0.3168 0.1232 0.524438
0.3256 0.1144 0.523185
0.3344 0.1056 0.521777
0.3432 0.0968 0.520214
0.352 0.088 0.518496
0.3608 0.0792 0.516623
0.3696 0.0704 0.514596
0.3784 0.0616 0.512413
0.3872 0.0528 0.510076
0.396 0.044 0.507584
0.4048 0.0352 0.504937
0.4136 0.0264 0.502135
0.4224 0.0176 0.499178
0.4312 0.0088 0.496067
0.44 0 0.4928
0 0.42 0.4536
0.0084 0.4116 0.457729
0.0168 0.4032 0.461718
0.0252 0.3948 0.465565
0.0336 0.3864 0.469271
0.042 0.378 0.472836
0.0504 0.3696 0.47626
0.0588 0.3612 0.479543
0.0672 0.3528 0.482684
0.0756 0.3444 0.485685
0.084 0.336 0.488544
0.0924 0.3276 0.491262
0.1008 0.3192 0.493839
0.1092 0.3108 0.496275
0.1176 0.3024 0.49857
0.126 0.294 0.500724
0.1344 0.2856 0.502737
0.1428 0.2772 0.504608
0.1512 0.2688 0.506339
0.1596 0.2604 0.507928
0.168 0.252 0.509376
0.1764 0.2436 0.510683
0.1848 0.2352 0.511849
0.1932 0.2268 0.512874
0.2016 0.2184 0.513757
0.21 0.21 0.5145
0.2184 0.2016 0.515101
0.2268 0.1932 0.515562
0.2352 0.1848 0.515881
0.2436 0.1764 0.516059
0.252 0.168 0.516096
0.2604 0.1596 0.515992
0.2688 0.1512 0.515747
0.2772 0.1428 0.51536
0.2856 0.1344 0.514833
0.294 0.126 0.514164
0.3024 0.1176 0.513354
0.3108 0.1092 0.512403
0.3192 0.1008 0.511311
0.3276 0.0924 0.510078
0.336 0.084 0.508704
0.3444 0.0756 0.507189
0.3528 0.0672 0.505532
0.3612 0.0588 0.503735
0.3696 0.0504 0.501796
0.378 0.042 0.499716
0.3864 0.0336 0.497495
0.3948 0.0252 0.495133
0.4032 0.0168 0.49263
0.4116 0.0084 0.489985
0.42 0 0.4872
0 0.4 0.44
0.008 0.392 0.443936
0.016 0.384 0.447744
0.024 0.376 0.451424
0.032 0.368 0.454976
0.04 0.36 0.4584
0.048 0.352 0.461696
0.056 0.344 0.464864
0.064 0.336 0.467904
0.072 0.328 0.470816
0.08 0.32 0.4736
0.088 0.312 0.476256
0.096 0.304 0.478784
0.104 0.296 0.481184
0.112 0.288 0.483456
0.12 0.28 0.4856
0.128 0.272 0.487616
0.136 0.264 0.489504
0.144 0.256 0.491264
0.152 0.248 0.492896
0.16 0.24 0.4944
0.168 0.232 0.495776
0.176 0.224 0.497024
0.184 0.216 0.498144
0.192 0.208 0.499136
0.2 0.2 0.5
0.208 0.192 0.500736
0.216 0.184 0.501344
0.224 0.176 0.501824
0.232 0.168 0.502176
0.24 0.16 0.5024
0.248 0.152 0.502496
0.256 0.144 0.502464
0.264 0.136 0.502304
0.272 0.128 0.502016
0.28 0.12 0.5016
0.288 0.112 0.501056
0.296 0.104 0.500384
0.304 0.096 0.499584
0.312 0.088 0.498656
0.32 0.08 0.4976
0.328 0.072 0.496416
0.336 0.064 0.495104
0.344 0.056 0.493664
0.352 0.048 0.492096
0.36 0.04 0.4904
0.368 0.032 0.488576
0.376 0.024 0.486624
0.384 0.016 0.484544
0.392 0.008 0.482336
0.4 0 0.48
0 0.38 0.4256
0.0076 0.3724 0.429342
0.0152 0.3648 0.432969
0.0228 0.3572 0.43648
0.0304 0.3496 0.439876
0.038 0.342 0.443156
0.0456 0.3344 0.446321
0.0532 0.3268 0.44937
0.0608 0.3192 0.452303
0.0684 0.3116 0.455121
0.076 0.304 0.457824
0.0836 0.2964 0.460411
0.0912 0.2888 0.462883
0.0988 0.2812 0.465239
0.1064 0.2736 0.467479
0.114 0.266 0.469604
0.1216 0.2584 0.471613
0.1292 0.2508 0.473507
0.1368 0.2432 0.475286
0.1444 0.2356 0.476949
0.152 0.228 0.478496
0.1596 0.2204 0.479928
0.1672 0.2128 0.481244
0.1748 0.2052 0.482445
0.1824 0.1976 0.48353
0.19 0.19 0.4845
0.1976 0.1824 0.485354
0.2052 0.1748 0.486093
0.2128 0.1672 0.486716
0.2204 0.1596 0.487224
0.228 0.152 0.487616
0.2356 0.1444 0.487893
0.2432 0.1368 0.488054
0.2508 0.1292 0.488099
0.2584 0.1216 0.488029
0.266 0.114 0.487844
0.2736 0.1064 0.487543
0.2812 0.0988 0.487127
0.2888 0.0912 0.486595
0.2964 0.0836 0.485947
0.304 0.076 0.485184
0.3116 0.0684 0.484305
0.3192 0.0608 0.483311
0.3268 0.0532 0.482202
0.3344 0.0456 0.480977
0.342 0.038 0.479636
0.3496 0.0304 0.47818
0.3572 0.0228 0.476608
0.3648 0.0152 0.474921
0.3724 0.0076 0.473118
0.38 0 0.4712
0 0.36 0.4104
0.0072 0.3528 0.413948
0.0144 0.3456 0.417393
0.0216 0.3384 0.420733
0.0288 0.3312 0.423971
0.036 0.324 0.427104
0.0432 0.3168 0.430134
0.0504 0.3096 0.43306
0.0576 0.3024 0.435882
0.0648 0.2952 0.438601
0.072 0.288 0.441216
0.0792 0.2808 0.443727
0.0864 0.2736 0.446135
0.0936 0.2664 0.448439
0.1008 0.2592 0.450639
0.108 0.252 0.452736
0.1152 0.2448 0.454729
0.1224 0.2376 0.456618
0.1296 0.2304 0.458404
0.1368 0.2232 0.460086
0.144 0.216 0.461664
0.1512 0.2088 0.463139
0.1584 0.2016 0.464509
0.1656 0.1944 0.465777
0.1728 0.1872 0.46694
0.18 0.18 0.468
0.1872 0.1728 0.468956
0.1944 0.1656 0.469809
0.2016 0.1584 0.470557
0.2088 0.1512 0.471203
0.216 0.144 0.471744
0.2232 0.1368 0.472182
0.2304 0.1296 0.472516
0.2376 0.1224 0.472746
0.2448 0.1152 0.472873
0.252 0.108 0.472896
0.2592 0.1008 0.472815
0.2664 0.0936 0.472631
0.2736 0.0864 0.472343
0.2808 0.0792 0.471951
0.288 0.072 0.471456
0.2952 0.0648 0.470857
0.3024 0.0576 0.470154
0.3096 0.0504 0.469348
0.3168 0.0432 0.468438
0.324 0.036 0.467424
0.3312 0.0288 0.466307
0.3384 0.0216 0.465085
0.3456 0.0144 0.463761
0.3528 0.0072 0.462332
0.36 0 0.4608
0 0.34 0.3944
0.0068 0.3332 0.397754
0.0136 0.3264 0.401015
0.0204 0.3196 0.404184
0.0272 0.3128 0.40726
0.034 0.306 0.410244
0.0408 0.2992 0.413135
0.0476 0.2924 0.415934
0.0544 0.2856 0.418641
0.0612 0.2788 0.421255
0.068 0.272 0.423776
0.0748 0.2652 0.426205
0.0816 0.2584 0.428541
0.0884 0.2516 0.430785
0.0952 0.2448 0.432937
0.102 0.238 0.434996
0.1088 0.2312 0.436963
0.1156 0.2244 0.438837
0.1224 0.2176 0.440618
0.1292 0.2108 0.442307
0.136 0.204 0.443904
0.1428 0.1972 0.445408
0.1496 0.1904 0.44682
0.1564 0.1836 0.448139
0.1632 0.1768 0.449366
0.17 0.17 0.4505
0.1768 0.1632 0.451542
0.1836 0.1564 0.452491
0.1904 0.1496 0.453348
0.1972 0.1428 0.454112
0.204 0.136 0.454784
0.2108 0.1292 0.455363
0.2176 0.1224 0.45585
0.2244 0.1156 0.456245
0.2312 0.1088 0.456547
0.238 0.102 0.456756
0.2448 0.0952 0.456873
0.2516 0.0884 0.456897
0.2584 0.0816 0.456829
0.2652 0.0748 0.456669
0.272 0.068 0.456416
0.2788 0.0612 0.456071
0.2856 0.0544 0.455633
0.2924 0.0476 0.455102
0.2992 0.0408 0.454479
0.306 0.034 0.453764
0.3128 0.0272 0.452956
0.3196 0.0204 0.452056
0.3264 0.0136 0.451063
0.3332 0.0068 0.449978
0.34 0 0.4488
0 0.32 0.3776
0.0064 0.3136 0.380759
0.0128 0.3072 0.383836
0.0192 0.3008 0.386831
0.0256 0.2944 0.389745
0.032 0.288 0.392576
0.0384 0.2816 0.395325
0.0448 0.2752 0.397993
0.0512 0.2688 0.400579
0.0576 0.2624 0.403082
0.064 0.256 0.405504
0.0704 0.2496 0.407844
0.0768 0.2432 0.410102
0.0832 0.2368 0.412278
0.0896 0.2304 0.414372
0.096 0.224 0.416384
0.1024 0.2176 0.418314
0.1088 0.2112 0.420163
0.1152 0.2048 0.421929
0.1216 0.1984 0.423613
0.128 0.192 0.425216
0.1344 0.1856 0.426737
0.1408 0.1792 0.428175
0.1472 0.1728 0.429532
0.1536 0.1664 0.430807
0.16 0.16 0.432
0.1664 0.1536 0.433111
0.1728 0.1472 0.43414
0.1792 0.1408 0.435087
0.1856 0.1344 0.435953
0.192 0.128 0.436736
0.1984 0.1216 0.437437
0.2048 0.1152 0.438057
0.2112 0.1088 0.438595
0.2176 0.1024 0.43905
0.224 0.096 0.439424
0.2304 0.0896 0.439716
0.2368 0.0832 0.439926
0.2432 0.0768 0.440054
0.2496 0.0704 0.4401
0.256 0.064 0.440064
0.2624 0.0576 0.439946
0.2688 0.0512 0.439747
0.2752 0.0448 0.439465
0.2816 0.0384 0.439101
0.288 0.032 0.438656
0.2944 0.0256 0.438129
0.3008 0.0192 0.437519
0.3072 0.0128 0.436828
0.3136 0.0064 0.436055
0.32 0 0.4352
0 0.3 0.36
0.006 0.294 0.362964
0.012 0.288 0.365856
0.018 0.282 0.368676
0.024 0.276 0.371424
0.03 0.27 0.3741
0.036 0.264 0.376704
0.042 0.258 0.379236
0.048 0.252 0.381696
0.054 0.246 0.384084
0.06 0.24 0.3864
0.066 0.234 0.388644
0.072 0.228 0.390816
0.078 0.222 0.392916
0.084 0.216 0.394944
0.09 0.21 0.3969
0.096 0.204 0.398784
0.102 0.198 0.400596
0.108 0.192 0.402336
0.114 0.186 0.404004
0.12 0.18 0.4056
0.126 0.174 0.407124
0.132 0.168 0.408576
0.138 0.162 0.409956
0.144 0.156 0.411264
0.15 0.15 0.4125
0.156 0.144 0.413664
0.162 0.138 0.414756
0.168 0.132 0.415776
0.174 0.126 0.416724
0.18 0.12 0.4176
0.186 0.114 0.418404
0.192 0.108 0.419136
0.198 0.102 0.419796
0.204 0.096 0.420384
0.21 0.09 0.4209
0.216 0.084 0.421344
0.222 0.078 0.421716
0.228 0.072 0.422016
0.234 0.066 0.422244
0.24 0.06 0.4224
0.246 0.054 0.422484
0.252 0.048 0.422496
0.258 0.042 0.422436
0.264 0.036 0.422304
0.27 0.03 0.4221
0.276 0.024 0.421824
0.282 0.018 0.421476
0.288 0.012 0.421056
0.294 0.006 0.420564
0.3 0 0.42
0 0.28 0.3416
0.0056 0.2744 0.344369
0.0112 0.2688 0.347075
0.0168 0.2632 0.349718
0.0224 0.2576 0.352298
0.028 0.252 0.354816
0.0336 0.2464 0.357271
0.0392 0.2408 0.359663
0.0448 0.2352 0.361993
0.0504 0.2296 0.36426
0.056 0.224 0.366464
0.0616 0.2184 0.368605
0.0672 0.2128 0.370684
0.0728 0.2072 0.3727
0.0784 0.2016 0.374653
0.084 0.196 0.376544
0.0896 0.1904 0.378372
0.0952 0.1848 0.380137
0.1008 0.1792 0.381839
0.1064 0.1736 0.383479
0.112 0.168 0.385056
0.1176 0.1624 0.38657
0.1232 0.1568 0.388022
0.1288 0.1512 0.389411
0.1344 0.1456 0.390737
0.14 0.14 0.392
0.1456 0.1344 0.393201
0.1512 0.1288 0.394339
0.1568 0.1232 0.395414
0.1624 0.1176 0.396426
0.168 0.112 0.397376
0.1736 0.1064 0.398263
0.1792 0.1008 0.399087
0.1848 0.0952 0.399849
0.1904 0.0896 0.400548
0.196 0.084 0.401184
0.2016 0.0784 0.401757
0.2072 0.0728 0.402268
0.2128 0.0672 0.402716
0.2184 0.0616 0.403101
0.224 0.056 0.403424
0.2296 0.0504 0.403684
0.2352 0.0448 0.403881
0.2408 0.0392 0.404015
0.2464 0.0336 0.404087
0.252 0.028 0.404096
0.2576 0.0224 0.404042
0.2632 0.0168 0.403926
0.2688 0.0112 0.403747
0.2744 0.0056 0.403505
0.28 0 0.4032
0 0.26 0.3224
0.0052 0.2548 0.324973
0.0104 0.2496 0.327492
0.0156 0.2444 0.329957
0.0208 0.2392 0.332367
0.026 0.234 0.334724
0.0312 0.2288 0.337027
0.0364 0.2236 0.339275
0.0416 0.2184 0.341469
0.0468 0.2132 0.34361
0.052 0.208 0.345696
0.0572 0.2028 0.347728
0.0624 0.1976 0.349706
0.0676 0.1924 0.35163
0.0728 0.1872 0.3535
0.078 0.182 0.355316
0.0832 0.1768 0.357078
0.0884 0.1716 0.358785
0.0936 0.1664 0.360439
0.0988 0.1612 0.362039
0.104 0.156 0.363584
0.1092 0.1508 0.365075
0.1144 0.1456 0.366513
0.1196 0.1404 0.367896
0.1248 0.1352 0.369225
0.13 0.13 0.3705
0.1352 0.1248 0.371721
0.1404 0.1196 0.372888
0.1456 0.1144 0.374001
0.1508 0.1092 0.375059
0.156 0.104 0.376064
0.1612 0.0988 0.377015
0.1664 0.0936 0.377911
0.1716 0.0884 0.378753
0.1768 0.0832 0.379542
0.182 0.078 0.380276
0.1872 0.0728 0.380956
0.1924 0.0676 0.381582
0.1976 0.0624 0.382154
0.2028 0.0572 0.382672
0.208 0.052 0.383136
0.2132 0.0468 0.383546
0.2184 0.0416 0.383901
0.2236 0.0364 0.384203
0.2288 0.0312 0.384451
0.234 0.026 0.384644
0.2392 0.0208 0.384783
0.2444 0.0156 0.384869
0.2496 0.0104 0.3849
0.2548 0.0052 0.384877
0.26 0 0.3848
0 0.24 0.3024
0.0048 0.2352 0.304777
0.0096 0.2304 0.307108
0.0144 0.2256 0.309393
0.0192 0.2208 0.311631
0.024 0.216 0.313824
0.0288 0.2112 0.315971
0.0336 0.2064 0.318071
0.0384 0.2016 0.320125
0.0432 0.1968 0.322134
0.048 0.192 0.324096
0.0528 0.1872 0.326012
0.0576 0.1824 0.327882
0.0624 0.1776 0.329706
0.0672 0.1728 0.331484
0.072 0.168 0.333216
0.0768 0.1632 0.334902
0.0816 0.1584 0.336541
0.0864 0.1536 0.338135
0.0912 0.1488 0.339683
0.096 0.144 0.341184
0.1008 0.1392 0.342639
0.1056 0.1344 0.344049
0.1104 0.1296 0.345412
0.1152 0.1248 0.346729
0.12 0.12 0.348
0.1248 0.1152 0.349225
0.1296 0.1104 0.350404
0.1344 0.1056 0.351537
0.1392 0.1008 0.352623
0.144 0.096 0.353664
0.1488 0.0912 0.354659
0.1536 0.0864 0.355607
0.1584 0.0816 0.356509
0.1632 0.0768 0.357366
0.168 0.072 0.358176
0.1728 0.0672 0.35894
0.1776 0.0624 0.359658
0.1824 0.0576 0.36033
0.1872 0.0528 0.360956
0.192 0.048 0.361536
0.1968 0.0432 0.36207
0.2016 0.0384 0.362557
0.2064 0.0336 0.362999
0.2112 0.0288 0.363395
0.216 0.024 0.363744
0.2208 0.0192 0.364047
0.2256 0.0144 0.364305
0.2304 0.0096 0.364516
0.2352 0.0048 0.364681
0.24 0 0.3648
0 0.22 0.2816
0.0044 0.2156 0.283781
0.0088 0.2112 0.285923
0.0132 0.2068 0.288026
0.0176 0.2024 0.29009
0.022 0.198 0.292116
0.0264 0.1936 0.294103
0.0308 0.1892 0.296051
0.0352 0.1848 0.297961
0.0396 0.1804 0.299832
0.044 0.176 0.301664
0.0484 0.1716 0.303457
0.0528 0.1672 0.305212
0.0572 0.1628 0.306928
0.0616 0.1584 0.308605
0.066 0.154 0.310244
0.0704 0.1496 0.311844
0.0748 0.1452 0.313405
0.0792 0.1408 0.314927
0.0836 0.1364 0.316411
0.088 0.132 0.317856
0.0924 0.1276 0.319262
0.0968 0.1232 0.32063
0.1012 0.1188 0.321959
0.1056 0.1144 0.323249
0.11 0.11 0.3245
0.1144 0.1056 0.325713
0.1188 0.1012 0.326887
0.1232 0.0968 0.328022
0.1276 0.0924 0.329118
0.132 0.088 0.330176
0.1364 0.0836 0.331195
0.1408 0.0792 0.332175
0.1452 0.0748 0.333117
0.1496 0.0704 0.33402
0.154 0.066 0.334884
0.1584 0.0616 0.335709
0.1628 0.0572 0.336496
0.1672 0.0528 0.337244
0.1716 0.0484 0.337953
0.176 0.044 0.338624
0.1804 0.0396 0.339256
0.1848 0.0352 0.339849
0.1892 0.0308 0.340403
0.1936 0.0264 0.340919
0.198 0.022 0.341396
0.2024 0.0176 0.341834
0.2068 0.0132 0.342234
0.2112 0.0088 0.342595
0.2156 0.0044 0.342917
0.22 0 0.3432
0 0.2 0.26
0.004 0.196 0.261984
0.008 0.192 0.263936
0.012 0.188 0.265856
0.016 0.184 0.267744
0.02 0.18 0.2696
0.024 0.176 0.271424
0.028 0.172 0.273216
0.032 0.168 0.274976
0.036 0.164 0.276704
0.04 0.16 0.2784
0.044 0.156 0.280064
0.048 0.152 0.281696
0.052 0.148 0.283296
0.056 0.144 0.284864
0.06 0.14 0.2864
0.064 0.136 0.287904
0.068 0.132 0.289376
0.072 0.128 0.290816
0.076 0.124 0.292224
0.08 0.12 0.2936
0.084 0.116 0.294944
0.088 0.112 0.296256
0.092 0.108 0.297536
0.096 0.104 0.298784
0.1 0.1 0.3
0.104 0.096 0.301184
0.108 0.092 0.302336
0.112 0.088 0.303456
0.116 0.084 0.304544
0.12 0.08 0.3056
0.124 0.076 0.306624
0.128 0.072 0.307616
0.132 0.068 0.308576
0.136 0.064 0.309504
0.14 0.06 0.3104
0.144 0.056 0.311264
0.148 0.052 0.312096
0.152 0.048 0.312896
0.156 0.044 0.313664
0.16 0.04 0.3144
0.164 0.036 0.315104
0.168 0.032 0.315776
0.172 0.028 0.316416
0.176 0.024 0.317024
0.18 0.02 0.3176
0.184 0.016 0.318144
0.188 0.012 0.318656
0.192 0.008 0.319136
0.196 0.004 0.319584
0.2 0 0.32
0 0.18 0.2376
0.0036 0.1764 0.239387
0.0072 0.1728 0.241148
0.0108 0.1692 0.242883
0.0144 0.1656 0.244593
0.018 0.162 0.246276
0.0216 0.1584 0.247933
0.0252 0.1548 0.249565
0.0288 0.1512 0.251171
0.0324 0.1476 0.25275
0.036 0.144 0.254304
0.0396 0.1404 0.255832
0.0432 0.1368 0.257334
0.0468 0.1332 0.25881
0.0504 0.1296 0.26026
0.054 0.126 0.261684
0.0576 0.1224 0.263082
0.0612 0.1188 0.264455
0.0648 0.1152 0.265801
0.0684 0.1116 0.267121
0.072 0.108 0.268416
0.0756 0.1044 0.269685
0.0792 0.1008 0.270927
0.0828 0.0972 0.272144
0.0864 0.0936 0.273335
0.09 0.09 0.2745
0.0936 0.0864 0.275639
0.0972 0.0828 0.276752
0.1008 0.0792 0.277839
0.1044 0.0756 0.278901
0.108 0.072 0.279936
0.1116 0.0684 0.280945
0.1152 0.0648 0.281929
0.1188 0.0612 0.282887
0.1224 0.0576 0.283818
0.126 0.054 0.284724
0.1296 0.0504 0.285604
0.1332 0.0468 0.286458
0.1368 0.0432 0.287286
0.1404 0.0396 0.288088
0.144 0.036 0.288864
0.1476 0.0324 0.289614
0.1512 0.0288 0.290339
0.1548 0.0252 0.291037
0.1584 0.0216 0.291709
0.162 0.018 0.292356
0.1656 0.0144 0.292977
0.1692 0.0108 0.293571
0.1728 0.0072 0.29414
0.1764 0.0036 0.294683
0.18 0 0.2952
0 0.16 0.2144
0.0032 0.1568 0.21599
0.0064 0.1536 0.217559
0.0096 0.1504 0.219108
0.0128 0.1472 0.220636
0.016 0.144 0.222144
0.0192 0.1408 0.223631
0.0224 0.1376 0.225098
0.0256 0.1344 0.226545
0.0288 0.1312 0.227971
0.032 0.128 0.229376
0.0352 0.1248 0.230761
0.0384 0.1216 0.232125
0.0416 0.1184 0.233469
0.0448 0.1152 0.234793
0.048 0.112 0.236096
0.0512 0.1088 0.237379
0.0544 0.1056 0.238641
0.0576 0.1024 0.239882
0.0608 0.0992 0.241103
0.064 0.096 0.242304
0.0672 0.0928 0.243484
0.0704 0.0896 0.244644
0.0736 0.0864 0.245783
0.0768 0.0832 0.246902
0.08 0.08 0.248
0.0832 0.0768 0.249078
0.0864 0.0736 0.250135
0.0896 0.0704 0.251172
0.0928 0.0672 0.252188
0.096 0.064 0.253184
0.0992 0.0608 0.254159
0.1024 0.0576 0.255114
0.1056 0.0544 0.256049
0.1088 0.0512 0.256963
0.112 0.048 0.257856
0.1152 0.0448 0.258729
0.1184 0.0416 0.259581
0.1216 0.0384 0.260413
0.1248 0.0352 0.261225
0.128 0.032 0.262016
0.1312 0.0288 0.262787
0.1344 0.0256 0.263537
0.1376 0.0224 0.264266
0.1408 0.0192 0.264975
0.144 0.016 0.265664
0.1472 0.0128 0.266332
0.1504 0.0096 0.26698
0.1536 0.0064 0.267607
0.1568 0.0032 0.268214
0.16 0 0.2688
0 0.14 0.1904
0.0028 0.1372 0.191792
0.0056 0.1344 0.193169
0.0084 0.1316 0.194529
0.0112 0.1288 0.195875
0.014 0.126 0.197204
0.0168 0.1232 0.198518
0.0196 0.1204 0.199816
0.0224 0.1176 0.201098
0.0252 0.1148 0.202365
0.028 0.112 0.203616
0.0308 0.1092 0.204851
0.0336 0.1064 0.206071
0.0364 0.1036 0.207275
0.0392 0.1008 0.208463
0.042 0.098 0.209636
0.0448 0.0952 0.210793
0.0476 0.0924 0.211934
0.0504 0.0896 0.21306
0.0532 0.0868 0.21417
0.056 0.084 0.215264
0.0588 0.0812 0.216343
0.0616 0.0784 0.217405
0.0644 0.0756 0.218453
0.0672 0.0728 0.219484
0.07 0.07 0.2205
0.0728 0.0672 0.2215
0.0756 0.0644 0.222485
0.0784 0.0616 0.223453
0.0812 0.0588 0.224407
0.084 0.056 0.225344
0.0868 0.0532 0.226266
0.0896 0.0504 0.227172
0.0924 0.0476 0.228062
0.0952 0.0448 0.228937
0.098 0.042 0.229796
0.1008 0.0392 0.230639
0.1036 0.0364 0.231467
0.1064 0.0336 0.232279
0.1092 0.0308 0.233075
0.112 0.028 0.233856
0.1148 0.0252 0.234621
0.1176 0.0224 0.23537
0.1204 0.0196 0.236104
0.1232 0.0168 0.236822
0.126 0.014 0.237524
0.1288 0.0112 0.238211
0.1316 0.0084 0.238881
0.1344 0.0056 0.239537
0.1372 0.0028 0.240176
0.14 0 0.2408
0 0.12 0.1656
0.0024 0.1176 0.166794
0.0048 0.1152 0.167977
0.0072 0.1128 0.169148
0.0096 0.1104 0.170308
0.012 0.108 0.171456
0.0144 0.1056 0.172593
0.0168 0.1032 0.173718
0.0192 0.1008 0.174831
0.0216 0.0984 0.175933
0.024 0.096 0.177024
0.0264 0.0936 0.178103
0.0288 0.0912 0.179171
0.0312 0.0888 0.180227
0.0336 0.0864 0.181271
0.036 0.084 0.182304
0.0384 0.0816 0.183325
0.0408 0.0792 0.184335
0.0432 0.0768 0.185334
0.0456 0.0744 0.186321
0.048 0.072 0.187296
0.0504 0.0696 0.18826
0.0528 0.0672 0.189212
0.0552 0.0648 0.190153
0.0576 0.0624 0.191082
0.06 0.06 0.192
0.0624 0.0576 0.192906
0.0648 0.0552 0.193801
0.0672 0.0528 0.194684
0.0696 0.0504 0.195556
0.072 0.048 0.196416
0.0744 0.0456 0.197265
0.0768 0.0432 0.198102
0.0792 0.0408 0.198927
0.0816 0.0384 0.199741
0.084 0.036 0.200544
0.0864 0.0336 0.201335
0.0888 0.0312 0.202115
0.0912 0.0288 0.202883
0.0936 0.0264 0.203639
0.096 0.024 0.204384
0.0984 0.0216 0.205117
0.1008 0.0192 0.205839
0.1032 0.0168 0.20655
0.1056 0.0144 0.207249
0.108 0.012 0.207936
0.1104 0.0096 0.208612
0.1128 0.0072 0.209276
0.1152 0.0048 0.209929
0.1176 0.0024 0.21057
0.12 0 0.2112
0 0.1 0.14
0.002 0.098 0.140996
0.004 0.096 0.141984
0.006 0.094 0.142964
0.008 0.092 0.143936
0.01 0.09 0.1449
0.012 0.088 0.145856
0.014 0.086 0.146804
0.016 0.084 0.147744
0.018 0.082 0.148676
0.02 0.08 0.1496
0.022 0.078 0.150516
0.024 0.076 0.151424
0.026 0.074 0.152324
0.028 0.072 0.153216
0.03 0.07 0.1541
0.032 0.068 0.154976
0.034 0.066 0.155844
0.036 0.064 0.156704
0.038 0.062 0.157556
0.04 0.06 0.1584
0.042 0.058 0.159236
0.044 0.056 0.160064
0.046 0.054 0.160884
0.048 0.052 0.161696
0.05 0.05 0.1625
0.052 0.048 0.163296
0.054 0.046 0.164084
0.056 0.044 0.164864
0.058 0.042 0.165636
0.06 0.04 0.1664
0.062 0.038 0.167156
0.064 0.036 0.167904
0.066 0.034 0.168644
0.068 0.032 0.169376
0.07 0.03 0.1701
0.072 0.028 0.170816
0.074 0.026 0.171524
0.076 0.024 0.172224
0.078 0.022 0.172916
0.08 0.02 0.1736
0.082 0.018 0.174276
0.084 0.016 0.174944
0.086 0.014 0.175604
0.088 0.012 0.176256
0.09 0.01 0.1769
0.092 0.008 0.177536
0.094 0.006 0.178164
0.096 0.004 0.178784
0.098 0.002 0.179396
0.1 0 0.18
0 0.08 0.1136
0.0016 0.0784 0.114397
0.0032 0.0768 0.11519
0.0048 0.0752 0.115977
0.0064 0.0736 0.116759
0.008 0.072 0.117536
0.0096 0.0704 0.118308
0.0112 0.0688 0.119075
0.0128 0.0672 0.119836
0.0144 0.0656 0.120593
0.016 0.064 0.121344
0.0176 0.0624 0.12209
0.0192 0.0608 0.122831
0.0208 0.0592 0.123567
0.0224 0.0576 0.124298
0.024 0.056 0.125024
0.0256 0.0544 0.125745
0.0272 0.0528 0.12646
0.0288 0.0512 0.127171
0.0304 0.0496 0.127876
0.032 0.048 0.128576
0.0336 0.0464 0.129271
0.0352 0.0448 0.129961
0.0368 0.0432 0.130646
0.0384 0.0416 0.131325
0.04 0.04 0.132
0.0416 0.0384 0.132669
0.0432 0.0368 0.133334
0.0448 0.0352 0.133993
0.0464 0.0336 0.134647
0.048 0.032 0.135296
0.0496 0.0304 0.13594
0.0512 0.0288 0.136579
0.0528 0.0272 0.137212
0.0544 0.0256 0.137841
0.056 0.024 0.138464
0.0576 0.0224 0.139082
0.0592 0.0208 0.139695
0.0608 0.0192 0.140303
0.0624 0.0176 0.140906
0.064 0.016 0.141504
0.0656 0.0144 0.142097
0.0672 0.0128 0.142684
0.0688 0.0112 0.143267
0.0704 0.0096 0.143844
0.072 0.008 0.144416
0.0736 0.0064 0.144983
0.0752 0.0048 0.145545
0.0768 0.0032 0.146102
0.0784 0.0016 0.146653
0.08 0 0.1472
0 0.06 0.0864
0.0012 0.0588 0.0869986
0.0024 0.0576 0.0875942
0.0036 0.0564 0.088187
0.0048 0.0552 0.088777
0.006 0.054 0.089364
0.0072 0.0528 0.0899482
0.0084 0.0516 0.0905294
0.0096 0.0504 0.0911078
0.0108 0.0492 0.0916834
0.012 0.048 0.092256
0.0132 0.0468 0.0928258
0.0144 0.0456 0.0933926
0.0156 0.0444 0.0939566
0.0168 0.0432 0.0945178
0.018 0.042 0.095076
0.0192 0.0408 0.0956314
0.0204 0.0396 0.0961838
0.0216 0.0384 0.0967334
0.0228 0.0372 0.0972802
0.024 0.036 0.097824
0.0252 0.0348 0.098365
0.0264 0.0336 0.098903
0.0276 0.0324 0.0994382
0.0288 0.0312 0.0999706
0.03 0.03 0.1005
0.0312 0.0288 0.101027
0.0324 0.0276 0.10155
0.0336 0.0264 0.102071
0.0348 0.0252 0.102589
0.036 0.024 0.103104
0.0372 0.0228 0.103616
0.0384 0.0216 0.104125
0.0396 0.0204 0.104632
0.0408 0.0192 0.105135
0.042 0.018 0.105636
0.0432 0.0168 0.106134
0.0444 0.0156 0.106629
0.0456 0.0144 0.107121
0.0468 0.0132 0.10761
0.048 0.012 0.108096
0.0492 0.0108 0.108579
0.0504 0.0096 0.10906
0.0516 0.0084 0.109537
0.0528 0.0072 0.110012
0.054 0.006 0.110484
0.0552 0.0048 0.110953
0.0564 0.0036 0.111419
0.0576 0.0024 0.111882
0.0588 0.0012 0.112343
0.06 0 0.1128
0 0.04 0.0584
0.0008 0.0392 0.0587994
0.0016 0.0384 0.0591974
0.0024 0.0376 0.0595942
0.0032 0.0368 0.0599898
0.004 0.036 0.060384
0.0048 0.0352 0.060777
0.0056 0.0344 0.0611686
0.0064 0.0336 0.061559
0.0072 0.0328 0.0619482
0.008 0.032 0.062336
0.0088 0.0312 0.0627226
0.0096 0.0304 0.0631078
0.0104 0.0296 0.0634918
0.0112 0.0288 0.0638746
0.012 0.028 0.064256
0.0128 0.0272 0.0646362
0.0136 0.0264 0.065015
0.0144 0.0256 0.0653926
0.0152 0.0248 0.065769
0.016 0.024 0.066144
0.0168 0.0232 0.0665178
0.0176 0.0224 0.0668902
0.0184 0.0216 0.0672614
0.0192 0.0208 0.0676314
0.02 0.02 0.068
0.0208 0.0192 0.0683674
0.0216 0.0184 0.0687334
0.0224 0.0176 0.0690982
0.0232 0.0168 0.0694618
0.024 0.016 0.069824
0.0248 0.0152 0.070185
0.0256 0.0144 0.0705446
0.0264 0.0136 0.070903
0.0272 0.0128 0.0712602
0.028 0.012 0.071616
0.0288 0.0112 0.0719706
0.0296 0.0104 0.0723238
0.0304 0.0096 0.0726758
0.0312 0.0088 0.0730266
0.032 0.008 0.073376
0.0328 0.0072 0.0737242
0.0336 0.0064 0.074071
0.0344 0.0056 0.0744166
0.0352 0.0048 0.074761
0.036 0.004 0.075104
0.0368 0.0032 0.0754458
0.0376 0.0024 0.0757862
0.0384 0.0016 0.0761254
0.0392 0.0008 0.0764634
0.04 0 0.0768
0 0.02 0.0296
0.0004 0.0196 0.0297998
0.0008 0.0192 0.0299994
0.0012 0.0188 0.0301986
0.0016 0.0184 0.0303974
0.002 0.018 0.030596
0.0024 0.0176 0.0307942
0.0028 0.0172 0.0309922
0.0032 0.0168 0.0311898
0.0036 0.0164 0.031387
0.004 0.016 0.031584
0.0044 0.0156 0.0317806
0.0048 0.0152 0.031977
0.0052 0.0148 0.032173
0.0056 0.0144 0.0323686
0.006 0.014 0.032564
0.0064 0.0136 0.032759
0.0068 0.0132 0.0329538
0.0072 0.0128 0.0331482
0.0076 0.0124 0.0333422
0.008 0.012 0.033536
0.0084 0.0116 0.0337294
0.0088 0.0112 0.0339226
0.0092 0.0108 0.0341154
0.0096 0.0104 0.0343078
0.01 0.01 0.0345
0.0104 0.0096 0.0346918
0.0108 0.0092 0.0348834
0.0112 0.0088 0.0350746
0.0116 0.0084 0.0352654
0.012 0.008 0.035456
0.0124 0.0076 0.0356462
0.0128 0.0072 0.0358362
0.0132 0.0068 0.0360258
0.0136 0.0064 0.036215
0.014 0.006 0.036404
0.0144 0.0056 0.0365926
0.0148 0.0052 0.036781
0.0152 0.0048 0.036969
0.0156 0.0044 0.0371566
0.016 0.004 0.037344
0.0164 0.0036 0.037531
0.0168 0.0032 0.0377178
0.0172 0.0028 0.0379042
0.0176 0.0024 0.0380902
0.018 0.002 0.038276
0.0184 0.0016 0.0384614
0.0188 0.0012 0.0386466
0.0192 0.0008 0.0388314
0.0196 0.0004 0.0390158
0.02 0 0.0392
0 0 0
0 0 0
0 0 0
0 0 0
0 0 0
0 0 0
0 0 0
0 0 0
0 0 0
0 0 0
0 0 0
0 0 0
0 0 0
0 0 0
0 0 0
0 0 0
0 0 0
0 0 0
0 0 0
0 0 0
0 0 0
0 0 0
0 0 0
0 0 0
0 0 0
0 0 0
0 0 0
0 0 0
0 0 0
0 0 0
0 0 0
0 0 0
0 0 0
0 0 0
0 0 0
0 0 0
0 0 0
0 0 0
0 0 0
0 0 0
0 0 0
0 0 0
0 0 0
0 0 0
0 0 0
0 0 0
0 0 0
0 0 0
0 0 0
0 0 0
0 0 0
