0 2 -1
0.02 1.9208 -0.9016
0.04 1.8432 -0.8064
0.06 1.7672 -0.7144
0.08 1.6928 -0.6256
0.1 1.62 -0.54
0.12 1.5488 -0.4576
0.14 1.4792 -0.3784
0.16 1.4112 -0.3024
0.18 1.3448 -0.2296
0.2 1.28 -0.16
0.22 1.2168 -0.0936
0.24 1.1552 -0.0304
0.26 1.0952 0.0296
0.28 1.0368 0.0864
0.3 0.98 0.14
0.32 0.9248 0.1904
0.34 0.8712 0.2376
0.36 0.8192 0.2816
0.38 0.7688 0.3224
0.4 0.72 0.36
0.42 0.6728 0.3944
0.44 0.6272 0.4256
0.46 0.5832 0.4536
0.48 0.5408 0.4784
0.5 0.5 0.5
0.52 0.4608 0.5184
0.54 0.4232 0.5336
0.56 0.3872 0.5456
0.58 0.3528 0.5544
0.6 0.32 0.56
0.62 0.2888 0.5624
0.64 0.2592 0.5616
0.66 0.2312 0.5576
0.68 0.2048 0.5504
0.7 0.18 0.54
0.72 0.1568 0.5264
0.74 0.1352 0.5096
0.76 0.1152 0.4896
0.78 0.0968 0.4664
0.8 0.08 0.44
0.82 0.0648 0.4104
0.84 0.0512 0.3776
0.86 0.0392 0.3416
0.88 0.0288 0.3024
0.9 0.02 0.26
0.92 0.0128 0.2144
0.94 0.0072 0.1656
0.96 0.0032 0.1136
0.98 0.0008 0.0584
1 0 0
0 1.9208 -0.9112
0.0196 1.84474 -0.817089
0.0392 1.77021 -0.726051
0.0588 1.69722 -0.638086
0.0784 1.62577 -0.553194
0.098 1.55585 -0.471376
0.1176 1.48747 -0.392631
0.1372 1.42062 -0.316959
0.1568 1.35532 -0.244361
0.1764 1.29155 -0.174836
0.196 1.22931 -0.108384
0.2156 1.16861 -0.0450054
0.2352 1.10945 0.0152998
0.2548 1.05183 0.0725318
0.2744 0.995743 0.126691
0.294 0.941192 0.177776
0.3136 0.888178 0.225788
0.3332 0.8367 0.270727
0.3528 0.78676 0.312593
0.3724 0.738356 0.351385
0.392 0.691488 0.387104
0.4116 0.646157 0.41975
0.4312 0.602363 0.449322
0.4508 0.560105 0.475821
0.4704 0.519384 0.499247
0.49 0.4802 0.5196
0.5096 0.442552 0.536879
0.5292 0.406441 0.551085
0.5488 0.371867 0.562218
0.5684 0.338829 0.570278
0.588 0.307328 0.575264
0.6076 0.277364 0.577177
0.6272 0.248936 0.576017
0.6468 0.222044 0.571783
0.6664 0.19669 0.564476
0.686 0.172872 0.554096
0.7056 0.150591 0.540643
0.7252 0.129846 0.524116
0.7448 0.110638 0.504516
0.7644 0.0929667 0.481843
0.784 0.076832 0.456096
0.8036 0.0622339 0.427276
0.8232 0.0491725 0.395383
0.8428 0.0376477 0.360417
0.8624 0.0276595 0.322377
0.882 0.019208 0.281264
0.9016 0.0122931 0.237078
0.9212 0.00691488 0.189818
0.9408 0.00307328 0.139485
0.9604 0.00076832 0.0860794
0.98 0 0.0296
0 1.8432 -0.8248
0.0192 1.77021 -0.734883
0.0384 1.69869 -0.647914
0.0576 1.62865 -0.563895
0.0768 1.56008 -0.482825
0.096 1.49299 -0.404704
0.1152 1.42737 -0.329532
0.1344 1.36323 -0.257309
0.1536 1.30056 -0.188036
0.1728 1.23937 -0.121711
0.192 1.17965 -0.058336
0.2112 1.1214 0.00209024
0.2304 1.06463 0.0595674
0.2496 1.00934 0.114095
0.2688 0.955515 0.165674
0.288 0.903168 0.214304
0.3072 0.852296 0.259985
0.3264 0.802898 0.302716
0.3456 0.754975 0.342499
0.3648 0.708526 0.379332
0.384 0.663552 0.413216
0.4032 0.620052 0.444151
0.4224 0.578028 0.472137
0.4416 0.537477 0.497174
0.4608 0.498401 0.519261
0.48 0.4608 0.5384
0.4992 0.424673 0.554589
0.5184 0.390021 0.56783
0.5376 0.356844 0.578121
0.5568 0.32514 0.585463
0.576 0.294912 0.589856
0.5952 0.266158 0.5913
0.6144 0.238879 0.589795
0.6336 0.213074 0.58534
0.6528 0.188744 0.577937
0.672 0.165888 0.567584
0.6912 0.144507 0.554282
0.7104 0.1246 0.538031
0.7296 0.106168 0.518831
0.7488 0.0892109 0.496682
0.768 0.073728 0.471584
0.7872 0.0597197 0.443537
0.8064 0.0471859 0.41254
0.8256 0.0361267 0.378595
0.8448 0.0265421 0.3417
0.864 0.018432 0.301856
0.8832 0.0117965 0.259063
0.9024 0.00663552 0.213321
0.9216 0.00294912 0.16463
0.9408 0.00073728 0.112989
0.96 0 0.0584
0 1.7672 -0.7408
0.0188 1.69722 -0.654982
0.0376 1.62865 -0.571991
0.0564 1.5615 -0.491828
0.0752 1.49576 -0.414492
0.094 1.43143 -0.339984
0.1128 1.36852 -0.268303
0.1316 1.30702 -0.19945
0.1504 1.24694 -0.133425
0.1692 1.18827 -0.0702266
0.188 1.13101 -0.009856
0.2068 1.07516 0.047687
0.2256 1.02073 0.102403
0.2444 0.967719 0.154291
0.2632 0.916116 0.203351
0.282 0.865928 0.249584
0.3008 0.817153 0.292989
0.3196 0.769792 0.333567
0.3384 0.723845 0.371318
0.3572 0.679312 0.406241
0.376 0.636192 0.438336
0.3948 0.594486 0.467604
0.4136 0.554194 0.494044
0.4324 0.515316 0.517657
0.4512 0.477851 0.538442
0.47 0.4418 0.5564
0.4888 0.407163 0.57153
0.5076 0.37394 0.583833
0.5264 0.34213 0.593308
0.5452 0.311734 0.599956
0.564 0.282752 0.603776
0.5828 0.255184 0.604769
0.6016 0.229029 0.602934
0.6204 0.204288 0.598271
0.6392 0.180961 0.590781
0.658 0.159048 0.580464
0.6768 0.138548 0.567319
0.6956 0.119463 0.551347
0.7144 0.101791 0.532547
0.7332 0.0855325 0.510919
0.752 0.070688 0.486464
0.7708 0.0572573 0.459181
0.7896 0.0452403 0.429071
0.8084 0.0346371 0.396134
0.8272 0.0254477 0.360369
0.846 0.017672 0.321776
0.8648 0.0113101 0.280356
0.8836 0.00636192 0.236108
0.9024 0.00282752 0.189033
0.9212 0.00070688 0.13913
0.94 0 0.0864
0 1.6928 -0.6592
0.0184 1.62577 -0.577386
0.0368 1.56008 -0.498281
0.0552 1.49576 -0.421884
0.0736 1.43279 -0.348196
0.092 1.37117 -0.277216
0.1104 1.3109 -0.208945
0.1288 1.25199 -0.143382
0.1472 1.19444 -0.0805274
0.1656 1.13824 -0.0203814
0.184 1.08339 0.037056
0.2024 1.0299 0.091785
0.2208 0.977761 0.143805
0.2392 0.926977 0.193117
0.2576 0.877548 0.239721
0.276 0.829472 0.283616
0.2944 0.782751 0.324803
0.3128 0.737384 0.363281
0.3312 0.693371 0.39905
0.3496 0.650712 0.432111
0.368 0.609408 0.462464
0.3864 0.569458 0.490108
0.4048 0.530862 0.515044
0.4232 0.49362 0.537271
0.4416 0.457733 0.55679
0.46 0.4232 0.5736
0.4784 0.390021 0.587702
0.4968 0.358196 0.599095
0.5152 0.327726 0.60778
0.5336 0.29861 0.613756
0.552 0.270848 0.617024
0.5704 0.24444 0.617583
0.5888 0.219387 0.615434
0.6072 0.195688 0.610577
0.6256 0.173343 0.603011
0.644 0.152352 0.592736
0.6624 0.132716 0.579753
0.6808 0.114433 0.564061
0.6992 0.0975053 0.545661
0.7176 0.0819315 0.524553
0.736 0.067712 0.500736
0.7544 0.0548467 0.474211
0.7728 0.0433357 0.444977
0.7912 0.0331789 0.413034
0.8096 0.0243763 0.378383
0.828 0.016928 0.341024
0.8464 0.0108339 0.300956
0.8648 0.00609408 0.25818
0.8832 0.00270848 0.212695
0.9016 0.00067712 0.164502
0.92 0 0.1136
0 1.62 -0.58
0.018 1.55585 -0.502096
0.036 1.49299 -0.426784
0.054 1.43143 -0.354064
0.072 1.37117 -0.283936
0.09 1.3122 -0.2164
0.108 1.25453 -0.151456
0.126 1.19815 -0.089104
0.144 1.14307 -0.029344
0.162 1.08929 0.027824
0.18 1.0368 0.0824
0.198 0.985608 0.134384
0.216 0.935712 0.183776
0.234 0.887112 0.230576
0.252 0.839808 0.274784
0.27 0.7938 0.3164
0.288 0.749088 0.355424
0.306 0.705672 0.391856
0.324 0.663552 0.425696
0.342 0.622728 0.456944
0.36 0.5832 0.4856
0.378 0.544968 0.511664
0.396 0.508032 0.535136
0.414 0.472392 0.556016
0.432 0.438048 0.574304
0.45 0.405 0.59
0.468 0.373248 0.603104
0.486 0.342792 0.613616
0.504 0.313632 0.621536
0.522 0.285768 0.626864
0.54 0.2592 0.6296
0.558 0.233928 0.629744
0.576 0.209952 0.627296
0.594 0.187272 0.622256
0.612 0.165888 0.614624
0.63 0.1458 0.6044
0.648 0.127008 0.591584
0.666 0.109512 0.576176
0.684 0.093312 0.558176
0.702 0.078408 0.537584
0.72 0.0648 0.5144
0.738 0.052488 0.488624
0.756 0.041472 0.460256
0.774 0.031752 0.429296
0.792 0.023328 0.395744
0.81 0.0162 0.3596
0.828 0.010368 0.320864
0.846 0.005832 0.279536
0.864 0.002592 0.235616
0.882 0.000648 0.189104
0.9 0 0.14
0 1.5488 -0.5032
0.0176 1.48747 -0.429111
0.0352 1.42737 -0.3575
0.0528 1.36852 -0.288367
0.0704 1.3109 -0.221713
0.088 1.25453 -0.157536
0.1056 1.19939 -0.0958374
0.1232 1.14549 -0.036617
0.1408 1.09283 0.0201254
0.1584 1.04141 0.0743898
0.176 0.991232 0.126176
0.1936 0.94229 0.175484
0.2112 0.894587 0.222314
0.2288 0.848123 0.266666
0.2464 0.802898 0.30854
0.264 0.758912 0.347936
0.2816 0.716165 0.384854
0.2992 0.674657 0.419293
0.3168 0.634388 0.451255
0.3344 0.595359 0.480739
0.352 0.557568 0.507744
0.3696 0.521016 0.532271
0.3872 0.485704 0.554321
0.4048 0.45163 0.573892
0.4224 0.418796 0.590985
0.44 0.3872 0.6056
0.4576 0.356844 0.617737
0.4752 0.327726 0.627396
0.4928 0.299848 0.634577
0.5104 0.273208 0.639279
0.528 0.247808 0.641504
0.5456 0.223647 0.641251
0.5632 0.200724 0.638519
0.5808 0.179041 0.633309
0.5984 0.158597 0.625622
0.616 0.139392 0.615456
0.6336 0.121426 0.602812
0.6512 0.104699 0.58769
0.6688 0.0892109 0.57009
0.6864 0.0749619 0.550012
0.704 0.061952 0.527456
0.7216 0.0501811 0.502422
0.7392 0.0396493 0.474909
0.7568 0.0303565 0.444919
0.7744 0.0223027 0.412451
0.792 0.015488 0.377504
0.8096 0.00991232 0.340079
0.8272 0.00557568 0.300177
0.8448 0.00247808 0.257796
0.8624 0.00061952 0.212937
0.88 0 0.1656
0 1.4792 -0.4288
0.0172 1.42062 -0.358431
0.0344 1.36323 -0.290429
0.0516 1.30702 -0.224794
0.0688 1.25199 -0.161526
0.086 1.19815 -0.100624
0.1032 1.14549 -0.042089
0.1204 1.09402 0.0140794
0.1376 1.04372 0.067881
0.1548 0.994614 0.119316
0.172 0.946688 0.168384
0.1892 0.899945 0.215085
0.2064 0.854386 0.25942
0.2236 0.81001 0.301388
0.2408 0.766817 0.340989
0.258 0.724808 0.378224
0.2752 0.683982 0.413092
0.2924 0.64434 0.445593
0.3096 0.60588 0.475727
0.3268 0.568604 0.503495
0.344 0.532512 0.528896
0.3612 0.497603 0.55193
0.3784 0.463877 0.572598
0.3956 0.431335 0.590899
0.4128 0.399976 0.606833
0.43 0.3698 0.6204
0.4472 0.340808 0.631601
0.4644 0.312999 0.640435
0.4816 0.286373 0.646902
0.4988 0.260931 0.651002
0.516 0.236672 0.652736
0.5332 0.213596 0.652103
0.5504 0.191704 0.649103
0.5676 0.170996 0.643737
0.5848 0.15147 0.636004
0.602 0.133128 0.625904
0.6192 0.115969 0.613437
0.6364 0.0999939 0.598604
0.6536 0.0852019 0.581404
0.6708 0.0715933 0.561837
0.688 0.059168 0.539904
0.7052 0.0479261 0.515604
0.7224 0.0378675 0.488937
0.7396 0.0289923 0.459903
0.7568 0.0213005 0.428503
0.774 0.014792 0.394736
0.7912 0.00946688 0.358602
0.8084 0.00532512 0.320102
0.8256 0.00236672 0.279235
0.8428 0.00059168 0.236001
0.86 0 0.1904
0 1.4112 -0.3568
0.0168 1.35532 -0.290057
0.0336 1.30056 -0.225572
0.0504 1.24694 -0.163345
0.0672 1.19444 -0.103375
0.084 1.14307 -0.045664
0.1008 1.09283 0.00978944
0.1176 1.04372 0.062985
0.1344 0.995743 0.113923
0.1512 0.948891 0.162602
0.168 0.903168 0.209024
0.1848 0.858574 0.253188
0.2016 0.815109 0.295094
0.2184 0.772773 0.334742
0.2352 0.731566 0.372132
0.252 0.691488 0.407264
0.2688 0.652539 0.440138
0.2856 0.614719 0.470755
0.3024 0.578028 0.499113
0.3192 0.542465 0.525213
0.336 0.508032 0.549056
0.3528 0.474728 0.570641
0.3696 0.442552 0.589967
0.3864 0.411506 0.607036
0.4032 0.381588 0.621847
0.42 0.3528 0.6344
0.4368 0.32514 0.644695
0.4536 0.29861 0.652732
0.4704 0.273208 0.658511
0.4872 0.248936 0.662033
0.504 0.225792 0.663296
0.5208 0.203777 0.662301
0.5376 0.182892 0.659049
0.5544 0.163135 0.653539
0.5712 0.144507 0.64577
0.588 0.127008 0.635744
0.6048 0.110638 0.62346
0.6216 0.0953971 0.608918
0.6384 0.0812851 0.592118
0.6552 0.0683021 0.57306
0.672 0.056448 0.551744
0.6888 0.0457229 0.52817
0.7056 0.0361267 0.502339
0.7224 0.0276595 0.474249
0.7392 0.0203213 0.443901
0.756 0.014112 0.411296
0.7728 0.00903168 0.376433
0.7896 0.00508032 0.339311
0.8064 0.00225792 0.299932
0.8232 0.00056448 0.258295
0.84 0 0.2144
0 1.3448 -0.2872
0.0164 1.29155 -0.223988
0.0328 1.23937 -0.162927
0.0492 1.18827 -0.104019
0.0656 1.13824 -0.0472614
0.082 1.08929 0.007344
0.0984 1.04141 0.0597978
0.1148 0.994614 0.1101
0.1312 0.948891 0.15825
0.1476 0.904244 0.204249
0.164 0.860672 0.248096
0.1804 0.818176 0.289791
0.1968 0.776756 0.329335
0.2132 0.736412 0.366727
0.2296 0.697144 0.401967
0.246 0.658952 0.435056
0.2624 0.621836 0.465993
0.2788 0.585795 0.494778
0.2952 0.55083 0.521412
0.3116 0.516941 0.545894
0.328 0.484128 0.568224
0.3444 0.452391 0.588403
0.3608 0.421729 0.606429
0.3772 0.392144 0.622305
0.3936 0.363634 0.636028
0.41 0.3362 0.6476
0.4264 0.309842 0.65702
0.4428 0.28456 0.664289
0.4592 0.260353 0.669405
0.4756 0.237223 0.672371
0.492 0.215168 0.673184
0.5084 0.194189 0.671846
0.5248 0.174286 0.668356
0.5412 0.155459 0.662714
0.5576 0.137708 0.654921
0.574 0.121032 0.644976
0.5904 0.105432 0.632879
0.6068 0.0909085 0.618631
0.6232 0.0774605 0.602231
0.6396 0.0650883 0.583679
0.656 0.053792 0.562976
0.6724 0.0435715 0.540121
0.6888 0.0344269 0.515114
0.7052 0.0263581 0.487956
0.7216 0.0193651 0.458646
0.738 0.013448 0.427184
0.7544 0.00860672 0.393571
0.7708 0.00484128 0.357805
0.7872 0.00215168 0.319889
0.8036 0.00053792 0.27982
0.82 0 0.2376
0 1.28 -0.22
0.016 1.22931 -0.160224
0.032 1.17965 -0.102496
0.048 1.13101 -0.046816
0.064 1.08339 0.006816
0.08 1.0368 0.0584
0.096 0.991232 0.107936
0.112 0.946688 0.155424
0.128 0.903168 0.200864
0.144 0.860672 0.244256
0.16 0.8192 0.2856
0.176 0.778752 0.324896
0.192 0.739328 0.362144
0.208 0.700928 0.397344
0.224 0.663552 0.430496
0.24 0.6272 0.4616
0.256 0.591872 0.490656
0.272 0.557568 0.517664
0.288 0.524288 0.542624
0.304 0.492032 0.565536
0.32 0.4608 0.5864
0.336 0.430592 0.605216
0.352 0.401408 0.621984
0.368 0.373248 0.636704
0.384 0.346112 0.649376
0.4 0.32 0.66
0.416 0.294912 0.668576
0.432 0.270848 0.675104
0.448 0.247808 0.679584
0.464 0.225792 0.682016
0.48 0.2048 0.6824
0.496 0.184832 0.680736
0.512 0.165888 0.677024
0.528 0.147968 0.671264
0.544 0.131072 0.663456
0.56 0.1152 0.6536
0.576 0.100352 0.641696
0.592 0.086528 0.627744
0.608 0.073728 0.611744
0.624 0.061952 0.593696
0.64 0.0512 0.5736
0.656 0.041472 0.551456
0.672 0.032768 0.527264
0.688 0.025088 0.501024
0.704 0.018432 0.472736
0.72 0.0128 0.4424
0.736 0.008192 0.410016
0.752 0.004608 0.375584
0.768 0.002048 0.339104
0.784 0.000512 0.300576
0.8 0 0.26
0 1.2168 -0.1552
0.0156 1.16861 -0.0987654
0.0312 1.1214 -0.0442778
0.0468 1.07516 0.00826304
0.0624 1.0299 0.058857
0.078 0.985608 0.107504
0.0936 0.94229 0.154204
0.1092 0.899945 0.198957
0.1248 0.858574 0.241764
0.1404 0.818176 0.282623
0.156 0.778752 0.321536
0.1716 0.740301 0.358502
0.1872 0.702824 0.393521
0.2028 0.66632 0.426593
0.2184 0.630789 0.457718
0.234 0.596232 0.486896
0.2496 0.562648 0.514127
0.2652 0.530038 0.539412
0.2808 0.498401 0.562749
0.2964 0.467738 0.58414
0.312 0.438048 0.603584
0.3276 0.409332 0.621081
0.3432 0.381588 0.636631
0.3588 0.354819 0.650234
0.3744 0.329023 0.661891
0.39 0.3042 0.6716
0.4056 0.280351 0.679363
0.4212 0.257475 0.685178
0.4368 0.235572 0.689047
0.4524 0.214644 0.690969
0.468 0.194688 0.690944
0.4836 0.175706 0.688972
0.4992 0.157697 0.685053
0.5148 0.140662 0.679188
0.5304 0.1246 0.671375
0.546 0.109512 0.661616
0.5616 0.0953971 0.64991
0.5772 0.0822557 0.636257
0.5928 0.0700877 0.620657
0.6084 0.0588931 0.60311
0.624 0.048672 0.583616
0.6396 0.0394243 0.562175
0.6552 0.0311501 0.538788
0.6708 0.0238493 0.513453
0.6864 0.0175219 0.486172
0.702 0.012168 0.456944
0.7176 0.00778752 0.425769
0.7332 0.00438048 0.392647
0.7488 0.00194688 0.357578
0.7644 0.00048672 0.320563
0.78 0 0.2816
0 1.1552 -0.0928
0.0152 1.10945 -0.0396122
0.0304 1.06463 0.0117274
0.0456 1.02073 0.0612186
0.0608 0.977761 0.108861
0.076 0.935712 0.154656
0.0912 0.894587 0.198602
0.1064 0.854386 0.2407
0.1216 0.815109 0.28095
0.1368 0.776756 0.319351
0.152 0.739328 0.355904
0.1672 0.702824 0.390609
0.1824 0.667244 0.423465
0.1976 0.632588 0.454473
0.2128 0.598856 0.483633
0.228 0.566048 0.510944
0.2432 0.534164 0.536407
0.2584 0.503205 0.560022
0.2736 0.47317 0.581788
0.2888 0.444059 0.601706
0.304 0.415872 0.619776
0.3192 0.388609 0.635997
0.3344 0.362271 0.650371
0.3496 0.336856 0.662895
0.3648 0.312366 0.673572
0.38 0.2888 0.6824
0.3952 0.266158 0.68938
0.4104 0.24444 0.694511
0.4256 0.223647 0.697795
0.4408 0.203777 0.699229
0.456 0.184832 0.698816
0.4712 0.166811 0.696554
0.4864 0.149714 0.692444
0.5016 0.133541 0.686486
0.5168 0.118292 0.678679
0.532 0.103968 0.669024
0.5472 0.0905677 0.657521
0.5624 0.0780915 0.644169
0.5776 0.0665395 0.628969
0.5928 0.0559117 0.611921
0.608 0.046208 0.593024
0.6232 0.0374285 0.572279
0.6384 0.0295731 0.549686
0.6536 0.0226419 0.525244
0.6688 0.0166349 0.498954
0.684 0.011552 0.470816
0.6992 0.00739328 0.440829
0.7144 0.00415872 0.408995
0.7296 0.00184832 0.375311
0.7448 0.00046208 0.33978
0.76 0 0.3024
0 1.0952 -0.0328
0.0148 1.05183 0.0172358
0.0296 1.00934 0.0655194
0.0444 0.967719 0.112051
0.0592 0.926977 0.156829
0.074 0.887112 0.199856
0.0888 0.848123 0.24113
0.1036 0.81001 0.280652
0.1184 0.772773 0.318422
0.1332 0.736412 0.354439
0.148 0.700928 0.388704
0.1628 0.66632 0.421217
0.1776 0.632588 0.451977
0.1924 0.599732 0.480985
0.2072 0.567752 0.508241
0.222 0.536648 0.533744
0.2368 0.50642 0.557495
0.2516 0.477069 0.579494
0.2664 0.448594 0.59974
0.2812 0.420995 0.618234
0.296 0.394272 0.634976
0.3108 0.368425 0.649965
0.3256 0.343455 0.663203
0.3404 0.31936 0.674687
0.3552 0.296142 0.68442
0.37 0.2738 0.6924
0.3848 0.252334 0.698628
0.3996 0.231744 0.703103
0.4144 0.212031 0.705827
0.4292 0.193193 0.706797
0.444 0.175232 0.706016
0.4588 0.158147 0.703482
0.4736 0.141938 0.699196
0.4884 0.126605 0.693158
0.5032 0.112148 0.685367
0.518 0.098568 0.675824
0.5328 0.0858637 0.664529
0.5476 0.0740355 0.651481
0.5624 0.0630835 0.636681
0.5772 0.0530077 0.620129
0.592 0.043808 0.601824
0.6068 0.0354845 0.581767
0.6216 0.0280371 0.559958
0.6364 0.0214659 0.536396
0.6512 0.0157709 0.511082
0.666 0.010952 0.484016
0.6808 0.00700928 0.455197
0.6956 0.00394272 0.424627
0.7104 0.00175232 0.392303
0.7252 0.00043808 0.358228
0.74 0 0.3224
0 1.0368 0.0248
0.0144 0.995743 0.0717786
0.0288 0.955515 0.117098
0.0432 0.916116 0.160759
0.0576 0.877548 0.202761
0.072 0.839808 0.243104
0.0864 0.802898 0.281788
0.1008 0.766817 0.318813
0.1152 0.731566 0.35418
0.1296 0.697144 0.387887
0.144 0.663552 0.419936
0.1584 0.630789 0.450326
0.1728 0.598856 0.479057
0.1872 0.567752 0.506129
0.2016 0.537477 0.531542
0.216 0.508032 0.555296
0.2304 0.479416 0.577391
0.2448 0.45163 0.597828
0.2592 0.424673 0.616605
0.2736 0.398546 0.633724
0.288 0.373248 0.649184
0.3024 0.34878 0.662985
0.3168 0.32514 0.675127
0.3312 0.302331 0.68561
0.3456 0.280351 0.694435
0.36 0.2592 0.7016
0.3744 0.238879 0.707107
0.3888 0.219387 0.710954
0.4032 0.200724 0.713143
0.4176 0.182892 0.713673
0.432 0.165888 0.712544
0.4464 0.149714 0.709756
0.4608 0.134369 0.705309
0.4752 0.119854 0.699204
0.4896 0.106168 0.691439
0.504 0.093312 0.682016
0.5184 0.0812851 0.670934
0.5328 0.0700877 0.658193
0.5472 0.0597197 0.643793
0.5616 0.0501811 0.627734
0.576 0.041472 0.610016
0.5904 0.0335923 0.590639
0.6048 0.0265421 0.569604
0.6192 0.0203213 0.546909
0.6336 0.0149299 0.522556
0.648 0.010368 0.496544
0.6624 0.00663552 0.468873
0.6768 0.00373248 0.439543
0.6912 0.00165888 0.408554
0.7056 0.00041472 0.375907
0.72 0 0.3416
0 0.98 0.08
0.014 0.941192 0.124016
0.028 0.903168 0.166464
0.042 0.865928 0.207344
0.056 0.829472 0.246656
0.07 0.7938 0.2844
0.084 0.758912 0.320576
0.098 0.724808 0.355184
0.112 0.691488 0.388224
0.126 0.658952 0.419696
0.14 0.6272 0.4496
0.154 0.596232 0.477936
0.168 0.566048 0.504704
0.182 0.536648 0.529904
0.196 0.508032 0.553536
0.21 0.4802 0.5756
0.224 0.453152 0.596096
0.238 0.426888 0.615024
0.252 0.401408 0.632384
0.266 0.376712 0.648176
0.28 0.3528 0.6624
0.294 0.329672 0.675056
0.308 0.307328 0.686144
0.322 0.285768 0.695664
0.336 0.264992 0.703616
0.35 0.245 0.71
0.364 0.225792 0.714816
0.378 0.207368 0.718064
0.392 0.189728 0.719744
0.406 0.172872 0.719856
0.42 0.1568 0.7184
0.434 0.141512 0.715376
0.448 0.127008 0.710784
0.462 0.113288 0.704624
0.476 0.100352 0.696896
0.49 0.0882 0.6876
0.504 0.076832 0.676736
0.518 0.066248 0.664304
0.532 0.056448 0.650304
0.546 0.047432 0.634736
0.56 0.0392 0.6176
0.574 0.031752 0.598896
0.588 0.025088 0.578624
0.602 0.019208 0.556784
0.616 0.014112 0.533376
0.63 0.0098 0.5084
0.644 0.006272 0.481856
0.658 0.003528 0.453744
0.672 0.001568 0.424064
0.686 0.000392 0.392816
0.7 0 0.36
0 0.9248 0.1328
0.0136 0.888178 0.173948
0.0272 0.852296 0.213617
0.0408 0.817153 0.251805
0.0544 0.782751 0.288515
0.068 0.749088 0.323744
0.0816 0.716165 0.357494
0.0952 0.683982 0.389764
0.1088 0.652539 0.420554
0.1224 0.621836 0.449865
0.136 0.591872 0.477696
0.1496 0.562648 0.504047
0.1632 0.534164 0.528919
0.1768 0.50642 0.552311
0.1904 0.479416 0.574223
0.204 0.453152 0.594656
0.2176 0.427628 0.613609
0.2312 0.402843 0.631082
0.2448 0.378798 0.647076
0.2584 0.355493 0.66159
0.272 0.332928 0.674624
0.2856 0.311103 0.686179
0.2992 0.290017 0.696253
0.3128 0.269672 0.704849
0.3264 0.250066 0.711964
0.34 0.2312 0.7176
0.3536 0.213074 0.721756
0.3672 0.195688 0.724433
0.3808 0.179041 0.725629
0.3944 0.163135 0.725347
0.408 0.147968 0.723584
0.4216 0.133541 0.720342
0.4352 0.119854 0.71562
0.4488 0.106907 0.709418
0.4624 0.0946995 0.701737
0.476 0.083232 0.692576
0.4896 0.0725043 0.681935
0.5032 0.0625165 0.669815
0.5168 0.0532685 0.656215
0.5304 0.0447603 0.641135
0.544 0.036992 0.624576
0.5576 0.0299635 0.606537
0.5712 0.0236749 0.587018
0.5848 0.0181261 0.56602
0.5984 0.0133171 0.543542
0.612 0.009248 0.519584
0.6256 0.00591872 0.494147
0.6392 0.00332928 0.467229
0.6528 0.00147968 0.438833
0.6664 0.00036992 0.408956
0.68 0 0.3776
0 0.8712 0.1832
0.0132 0.8367 0.221575
0.0264 0.802898 0.258556
0.0396 0.769792 0.294143
0.0528 0.737384 0.328337
0.066 0.705672 0.361136
0.0792 0.674657 0.392541
0.0924 0.64434 0.422553
0.1056 0.614719 0.451171
0.1188 0.585795 0.478394
0.132 0.557568 0.504224
0.1452 0.530038 0.52866
0.1584 0.503205 0.551702
0.1716 0.477069 0.57335
0.1848 0.45163 0.593604
0.198 0.426888 0.612464
0.2112 0.402843 0.62993
0.2244 0.379495 0.646003
0.2376 0.356844 0.660681
0.2508 0.334889 0.673965
0.264 0.313632 0.685856
0.2772 0.293072 0.696353
0.2904 0.273208 0.705455
0.3036 0.254042 0.713164
0.3168 0.235572 0.719479
0.33 0.2178 0.7244
0.3432 0.200724 0.727927
0.3564 0.184346 0.73006
0.3696 0.168664 0.730799
0.3828 0.15368 0.730145
0.396 0.139392 0.728096
0.4092 0.125801 0.724653
0.4224 0.112908 0.719817
0.4356 0.100711 0.713587
0.4488 0.0892109 0.705962
0.462 0.078408 0.696944
0.4752 0.0683021 0.686532
0.4884 0.0588931 0.674726
0.5016 0.0501811 0.661526
0.5148 0.0421661 0.646932
0.528 0.034848 0.630944
0.5412 0.0282269 0.613562
0.5544 0.0223027 0.594787
0.5676 0.0170755 0.574617
0.5808 0.0125453 0.553053
0.594 0.008712 0.530096
0.6072 0.00557568 0.505745
0.6204 0.00313632 0.479999
0.6336 0.00139392 0.45286
0.6468 0.00034848 0.424327
0.66 0 0.3944
0 0.8192 0.2312
0.0128 0.78676 0.266897
0.0256 0.754975 0.301283
0.0384 0.723845 0.334358
0.0512 0.693371 0.366122
0.064 0.663552 0.396576
0.0768 0.634388 0.425719
0.0896 0.60588 0.453551
0.1024 0.578028 0.480073
0.1152 0.55083 0.505284
0.128 0.524288 0.529184
0.1408 0.498401 0.551773
0.1536 0.47317 0.573052
0.1664 0.448594 0.59302
0.1792 0.424673 0.611677
0.192 0.401408 0.629024
0.2048 0.378798 0.64506
0.2176 0.356844 0.659785
0.2304 0.335544 0.673199
0.2432 0.3149 0.685303
0.256 0.294912 0.696096
0.2688 0.275579 0.705578
0.2816 0.256901 0.71375
0.2944 0.238879 0.720611
0.3072 0.221512 0.726161
0.32 0.2048 0.7304
0.3328 0.188744 0.733329
0.3456 0.173343 0.734947
0.3584 0.158597 0.735254
0.3712 0.144507 0.73425
0.384 0.131072 0.731936
0.3968 0.118292 0.728311
0.4096 0.106168 0.723375
0.4224 0.0946995 0.717129
0.4352 0.0838861 0.709572
0.448 0.073728 0.700704
0.4608 0.0642253 0.690525
0.4736 0.0553779 0.679036
0.4864 0.0471859 0.666236
0.4992 0.0396493 0.652125
0.512 0.032768 0.636704
0.5248 0.0265421 0.619972
0.5376 0.0209715 0.601929
0.5504 0.0160563 0.582575
0.5632 0.0117965 0.561911
0.576 0.008192 0.539936
0.5888 0.00524288 0.51665
0.6016 0.00294912 0.492054
0.6144 0.00131072 0.466147
0.6272 0.00032768 0.438929
0.64 0 0.4104
0 0.7688 0.2768
0.0124 0.738356 0.309913
0.0248 0.708526 0.341796
0.0372 0.679312 0.372449
0.0496 0.650712 0.401871
0.062 0.622728 0.430064
0.0744 0.595359 0.457027
0.0868 0.568604 0.482759
0.0992 0.542465 0.507261
0.1116 0.516941 0.530534
0.124 0.492032 0.552576
0.1364 0.467738 0.573388
0.1488 0.444059 0.59297
0.1612 0.420995 0.611322
0.1736 0.398546 0.628444
0.186 0.376712 0.644336
0.1984 0.355493 0.658998
0.2108 0.334889 0.672429
0.2232 0.3149 0.684631
0.2356 0.295527 0.695603
0.248 0.276768 0.705344
0.2604 0.258624 0.713855
0.2728 0.241096 0.721137
0.2852 0.224182 0.727188
0.2976 0.207884 0.732009
0.31 0.1922 0.7356
0.3224 0.177132 0.737961
0.3348 0.162678 0.739092
0.3472 0.14884 0.738993
0.3596 0.135616 0.737663
0.372 0.123008 0.735104
0.3844 0.111015 0.731315
0.3968 0.0996365 0.726295
0.4092 0.0888733 0.720045
0.4216 0.0787251 0.712566
0.434 0.069192 0.703856
0.4464 0.0602739 0.693916
0.4588 0.0519709 0.682746
0.4712 0.0442829 0.670346
0.4836 0.0372099 0.656716
0.496 0.030752 0.641856
0.5084 0.0249091 0.625766
0.5208 0.0196813 0.608445
0.5332 0.0150685 0.589895
0.5456 0.0110707 0.570115
0.558 0.007688 0.549104
0.5704 0.00492032 0.526863
0.5828 0.00276768 0.503393
0.5952 0.00123008 0.478692
0.6076 0.00030752 0.452761
0.62 0 0.4256
0 0.72 0.32
0.012 0.691488 0.350624
0.024 0.663552 0.380096
0.036 0.636192 0.408416
0.048 0.609408 0.435584
0.06 0.5832 0.4616
0.072 0.557568 0.486464
0.084 0.532512 0.510176
0.096 0.508032 0.532736
0.108 0.484128 0.554144
0.12 0.4608 0.5744
0.132 0.438048 0.593504
0.144 0.415872 0.611456
0.156 0.394272 0.628256
0.168 0.373248 0.643904
0.18 0.3528 0.6584
0.192 0.332928 0.671744
0.204 0.313632 0.683936
0.216 0.294912 0.694976
0.228 0.276768 0.704864
0.24 0.2592 0.7136
0.252 0.242208 0.721184
0.264 0.225792 0.727616
0.276 0.209952 0.732896
0.288 0.194688 0.737024
0.3 0.18 0.74
0.312 0.165888 0.741824
0.324 0.152352 0.742496
0.336 0.139392 0.742016
0.348 0.127008 0.740384
0.36 0.1152 0.7376
0.372 0.103968 0.733664
0.384 0.093312 0.728576
0.396 0.083232 0.722336
0.408 0.073728 0.714944
0.42 0.0648 0.7064
0.432 0.056448 0.696704
0.444 0.048672 0.685856
0.456 0.041472 0.673856
0.468 0.034848 0.660704
0.48 0.0288 0.6464
0.492 0.023328 0.630944
0.504 0.018432 0.614336
0.516 0.014112 0.596576
0.528 0.010368 0.577664
0.54 0.0072 0.5576
0.552 0.004608 0.536384
0.564 0.002592 0.514016
0.576 0.001152 0.490496
0.588 0.000288 0.465824
0.6 0 0.44
0 0.6728 0.3608
0.0116 0.646157 0.38903
0.0232 0.620052 0.416183
0.0348 0.594486 0.44226
0.0464 0.569458 0.46726
0.058 0.544968 0.491184
0.0696 0.521016 0.514031
0.0812 0.497603 0.535802
0.0928 0.474728 0.556497
0.1044 0.452391 0.576115
0.116 0.430592 0.594656
0.1276 0.409332 0.612121
0.1392 0.388609 0.628509
0.1508 0.368425 0.643821
0.1624 0.34878 0.658057
0.174 0.329672 0.671216
0.1856 0.311103 0.683299
0.1972 0.293072 0.694305
0.2088 0.275579 0.704234
0.2204 0.258624 0.713087
0.232 0.242208 0.720864
0.2436 0.22633 0.727564
0.2552 0.21099 0.733188
0.2668 0.196188 0.737735
0.2784 0.181925 0.741206
0.29 0.1682 0.7436
0.3016 0.155013 0.744918
0.3132 0.142364 0.745159
0.3248 0.130254 0.744324
0.3364 0.118682 0.742412
0.348 0.107648 0.739424
0.3596 0.0971523 0.735359
0.3712 0.0871949 0.730218
0.3828 0.0777757 0.724001
0.3944 0.0688947 0.716707
0.406 0.060552 0.708336
0.4176 0.0527475 0.698889
0.4292 0.0454813 0.688365
0.4408 0.0387533 0.676765
0.4524 0.0325635 0.664089
0.464 0.026912 0.650336
0.4756 0.0217987 0.635507
0.4872 0.0172237 0.619601
0.4988 0.0131869 0.602618
0.5104 0.00968832 0.584559
0.522 0.006728 0.565424
0.5336 0.00430592 0.545212
0.5452 0.00242208 0.523924
0.5568 0.00107648 0.501559
0.5684 0.00026912 0.478118
0.58 0 0.4536
0 0.6272 0.3992
0.0112 0.602363 0.42513
0.0224 0.578028 0.450057
0.0336 0.554194 0.47398
0.0448 0.530862 0.4969
0.056 0.508032 0.518816
0.0672 0.485704 0.539729
0.0784 0.463877 0.559638
0.0896 0.442552 0.578543
0.1008 0.421729 0.596445
0.112 0.401408 0.613344
0.1232 0.381588 0.629239
0.1344 0.362271 0.644131
0.1456 0.343455 0.658019
0.1568 0.32514 0.670903
0.168 0.307328 0.682784
0.1792 0.290017 0.693661
0.1904 0.273208 0.703535
0.2016 0.256901 0.712406
0.2128 0.241096 0.720273
0.224 0.225792 0.727136
0.2352 0.21099 0.732996
0.2464 0.19669 0.737852
0.2576 0.182892 0.741705
0.2688 0.169595 0.744554
0.28 0.1568 0.7464
0.2912 0.144507 0.747242
0.3024 0.132716 0.747081
0.3136 0.121426 0.745916
0.3248 0.110638 0.743748
0.336 0.100352 0.740576
0.3472 0.0905677 0.736401
0.3584 0.0812851 0.731222
0.3696 0.0725043 0.725039
0.3808 0.0642253 0.717853
0.392 0.056448 0.709664
0.4032 0.0491725 0.700471
0.4144 0.0423987 0.690275
0.4256 0.0361267 0.679075
0.4368 0.0303565 0.666871
0.448 0.025088 0.653664
0.4592 0.0203213 0.639453
0.4704 0.0160563 0.624239
0.4816 0.0122931 0.608022
0.4928 0.00903168 0.590801
0.504 0.006272 0.572576
0.5152 0.00401408 0.553348
0.5264 0.00225792 0.533116
0.5376 0.00100352 0.511881
0.5488 0.00025088 0.489642
0.56 0 0.4664
0 0.5832 0.4352
0.0108 0.560105 0.458925
0.0216 0.537477 0.481718
0.0324 0.515316 0.503577
0.0432 0.49362 0.524503
0.054 0.472392 0.544496
0.0648 0.45163 0.563556
0.0756 0.431335 0.581683
0.0864 0.411506 0.598876
0.0972 0.392144 0.615137
0.108 0.373248 0.630464
0.1188 0.354819 0.644858
0.1296 0.336856 0.658319
0.1404 0.31936 0.670847
0.1512 0.302331 0.682442
0.162 0.285768 0.693104
0.1728 0.269672 0.702833
0.1836 0.254042 0.711628
0.1944 0.238879 0.719491
0.2052 0.224182 0.72642
0.216 0.209952 0.732416
0.2268 0.196188 0.737479
0.2376 0.182892 0.741609
0.2484 0.170061 0.744806
0.2592 0.157697 0.747069
0.27 0.1458 0.7484
0.2808 0.134369 0.748797
0.2916 0.123405 0.748262
0.3024 0.112908 0.746793
0.3132 0.102876 0.744391
0.324 0.093312 0.741056
0.3348 0.0842141 0.736788
0.3456 0.0755827 0.731587
0.3564 0.0674179 0.725452
0.3672 0.0597197 0.718385
0.378 0.052488 0.710384
0.3888 0.0457229 0.70145
0.3996 0.0394243 0.691583
0.4104 0.0335923 0.680783
0.4212 0.0282269 0.66905
0.432 0.023328 0.656384
0.4428 0.0188957 0.642785
0.4536 0.0149299 0.628252
0.4644 0.0114307 0.612787
0.4752 0.00839808 0.596388
0.486 0.005832 0.579056
0.4968 0.00373248 0.560791
0.5076 0.00209952 0.541593
0.5184 0.00093312 0.521462
0.5292 0.00023328 0.500397
0.54 0 0.4784
0 0.5408 0.4688
0.0104 0.519384 0.490415
0.0208 0.498401 0.511165
0.0312 0.477851 0.53105
0.0416 0.457733 0.55007
0.052 0.438048 0.568224
0.0624 0.418796 0.585513
0.0728 0.399976 0.601937
0.0832 0.381588 0.617495
0.0936 0.363634 0.632188
0.104 0.346112 0.646016
0.1144 0.329023 0.658979
0.1248 0.312366 0.671076
0.1352 0.296142 0.682308
0.1456 0.280351 0.692675
0.156 0.264992 0.702176
0.1664 0.250066 0.710812
0.1768 0.235572 0.718583
0.1872 0.221512 0.725489
0.1976 0.207884 0.731529
0.208 0.194688 0.736704
0.2184 0.181925 0.741014
0.2288 0.169595 0.744458
0.2392 0.157697 0.747037
0.2496 0.146232 0.748751
0.26 0.1352 0.7496
0.2704 0.1246 0.749583
0.2808 0.114433 0.748701
0.2912 0.104699 0.746954
0.3016 0.0953971 0.744342
0.312 0.086528 0.740864
0.3224 0.0780915 0.736521
0.3328 0.0700877 0.731313
0.3432 0.0625165 0.725239
0.3536 0.0553779 0.7183
0.364 0.048672 0.710496
0.3744 0.0423987 0.701827
0.3848 0.0365581 0.692292
0.3952 0.0311501 0.681892
0.4056 0.0261747 0.670627
0.416 0.021632 0.658496
0.4264 0.0175219 0.6455
0.4368 0.0138445 0.631639
0.4472 0.0105997 0.616913
0.4576 0.00778752 0.601321
0.468 0.005408 0.584864
0.4784 0.00346112 0.567542
0.4888 0.00194688 0.549354
0.4992 0.00086528 0.530301
0.5096 0.00021632 0.510383
0.52 0 0.4896
0 0.5 0.5
0.01 0.4802 0.5196
0.02 0.4608 0.5384
0.03 0.4418 0.5564
0.04 0.4232 0.5736
0.05 0.405 0.59
0.06 0.3872 0.6056
0.07 0.3698 0.6204
0.08 0.3528 0.6344
0.09 0.3362 0.6476
0.1 0.32 0.66
0.11 0.3042 0.6716
0.12 0.2888 0.6824
0.13 0.2738 0.6924
0.14 0.2592 0.7016
0.15 0.245 0.71
0.16 0.2312 0.7176
0.17 0.2178 0.7244
0.18 0.2048 0.7304
0.19 0.1922 0.7356
0.2 0.18 0.74
0.21 0.1682 0.7436
0.22 0.1568 0.7464
0.23 0.1458 0.7484
0.24 0.1352 0.7496
0.25 0.125 0.75
0.26 0.1152 0.7496
0.27 0.1058 0.7484
0.28 0.0968 0.7464
0.29 0.0882 0.7436
0.3 0.08 0.74
0.31 0.0722 0.7356
0.32 0.0648 0.7304
0.33 0.0578 0.7244
0.34 0.0512 0.7176
0.35 0.045 0.71
0.36 0.0392 0.7016
0.37 0.0338 0.6924
0.38 0.0288 0.6824
0.39 0.0242 0.6716
0.4 0.02 0.66
0.41 0.0162 0.6476
0.42 0.0128 0.6344
0.43 0.0098 0.6204
0.44 0.0072 0.6056
0.45 0.005 0.59
0.46 0.0032 0.5736
0.47 0.0018 0.5564
0.48 0.0008 0.5384
0.49 0.0002 0.5196
0.5 0 0.5
0 0.4608 0.5288
0.0096 0.442552 0.546479
0.0192 0.424673 0.563421
0.0288 0.407163 0.579626
0.0384 0.390021 0.595094
0.048 0.373248 0.609824
0.0576 0.356844 0.623817
0.0672 0.340808 0.637073
0.0768 0.32514 0.649591
0.0864 0.309842 0.661372
0.096 0.294912 0.672416
0.1056 0.280351 0.682723
0.1152 0.266158 0.692292
0.1248 0.252334 0.701124
0.1344 0.238879 0.709219
0.144 0.225792 0.716576
0.1536 0.213074 0.723196
0.1632 0.200724 0.729079
0.1728 0.188744 0.734225
0.1824 0.177132 0.738633
0.192 0.165888 0.742304
0.2016 0.155013 0.745238
0.2112 0.144507 0.747434
0.2208 0.134369 0.748893
0.2304 0.1246 0.749615
0.24 0.1152 0.7496
0.2496 0.106168 0.748847
0.2592 0.0975053 0.747357
0.2688 0.0892109 0.74513
0.2784 0.0812851 0.742166
0.288 0.073728 0.738464
0.2976 0.0665395 0.734025
0.3072 0.0597197 0.728849
0.3168 0.0532685 0.722935
0.3264 0.0471859 0.716284
0.336 0.041472 0.708896
0.3456 0.0361267 0.700771
0.3552 0.0311501 0.691908
0.3648 0.0265421 0.682308
0.3744 0.0223027 0.671971
0.384 0.018432 0.660896
0.3936 0.0149299 0.649084
0.4032 0.0117965 0.636535
0.4128 0.00903168 0.623249
0.4224 0.00663552 0.609225
0.432 0.004608 0.594464
0.4416 0.00294912 0.578966
0.4512 0.00165888 0.56273
0.4608 0.00073728 0.545757
0.4704 0.00018432 0.528047
0.48 0 0.5096
0 0.4232 0.5552
0.0092 0.406441 0.571053
0.0184 0.390021 0.58623
0.0276 0.37394 0.600729
0.0368 0.358196 0.614551
0.046 0.342792 0.627696
0.0552 0.327726 0.640164
0.0644 0.312999 0.651955
0.0736 0.29861 0.663068
0.0828 0.28456 0.673505
0.092 0.270848 0.683264
0.1012 0.257475 0.692346
0.1104 0.24444 0.700751
0.1196 0.231744 0.708479
0.1288 0.219387 0.71553
0.138 0.207368 0.721904
0.1472 0.195688 0.727601
0.1564 0.184346 0.73262
0.1656 0.173343 0.736963
0.1748 0.162678 0.740628
0.184 0.152352 0.743616
0.1932 0.142364 0.745927
0.2024 0.132716 0.747561
0.2116 0.123405 0.748518
0.2208 0.114433 0.748797
0.23 0.1058 0.7484
0.2392 0.0975053 0.747325
0.2484 0.0895491 0.745574
0.2576 0.0819315 0.743145
0.2668 0.0746525 0.740039
0.276 0.067712 0.736256
0.2852 0.0611101 0.731796
0.2944 0.0548467 0.726659
0.3036 0.0489219 0.720844
0.3128 0.0433357 0.714353
0.322 0.038088 0.707184
0.3312 0.0331789 0.699338
0.3404 0.0286083 0.690815
0.3496 0.0243763 0.681615
0.3588 0.0204829 0.671738
0.368 0.016928 0.661184
0.3772 0.0137117 0.649953
0.3864 0.0108339 0.638044
0.3956 0.00829472 0.625459
0.4048 0.00609408 0.612196
0.414 0.004232 0.598256
0.4232 0.00270848 0.583639
0.4324 0.00152352 0.568345
0.4416 0.00067712 0.552374
0.4508 0.00016928 0.535725
0.46 0 0.5184
0 0.3872 0.5792
0.0088 0.371867 0.593322
0.0176 0.356844 0.606825
0.0264 0.34213 0.619708
0.0352 0.327726 0.631972
0.044 0.313632 0.643616
0.0528 0.299848 0.654641
0.0616 0.286373 0.665046
0.0704 0.273208 0.674831
0.0792 0.260353 0.683997
0.088 0.247808 0.692544
0.0968 0.235572 0.700471
0.1056 0.223647 0.707779
0.1144 0.212031 0.714467
0.1232 0.200724 0.720535
0.132 0.189728 0.725984
0.1408 0.179041 0.730813
0.1496 0.168664 0.735023
0.1584 0.158597 0.738614
0.1672 0.14884 0.741585
0.176 0.139392 0.743936
0.1848 0.130254 0.745668
0.1936 0.121426 0.74678
0.2024 0.112908 0.747273
0.2112 0.104699 0.747146
0.22 0.0968 0.7464
0.2288 0.0892109 0.745034
0.2376 0.0819315 0.743049
0.2464 0.0749619 0.740444
0.2552 0.0683021 0.73722
0.264 0.061952 0.733376
0.2728 0.0559117 0.728913
0.2816 0.0501811 0.72383
0.2904 0.0447603 0.718127
0.2992 0.0396493 0.711805
0.308 0.034848 0.704864
0.3168 0.0303565 0.697303
0.3256 0.0261747 0.689123
0.3344 0.0223027 0.680323
0.3432 0.0187405 0.670903
0.352 0.015488 0.660864
0.3608 0.0125453 0.650205
0.3696 0.00991232 0.638927
0.3784 0.00758912 0.62703
0.3872 0.00557568 0.614513
0.396 0.003872 0.601376
0.4048 0.00247808 0.58762
0.4136 0.00139392 0.573244
0.4224 0.00061952 0.558249
0.4312 0.00015488 0.542634
0.44 0 0.5264
0 0.3528 0.6008
0.0084 0.338829 0.613286
0.0168 0.32514 0.625207
0.0252 0.311734 0.636564
0.0336 0.29861 0.647356
0.042 0.285768 0.657584
0.0504 0.273208 0.667247
0.0588 0.260931 0.676346
0.0672 0.248936 0.684881
0.0756 0.237223 0.692851
0.084 0.225792 0.700256
0.0924 0.214644 0.707097
0.1008 0.203777 0.713373
0.1092 0.193193 0.719085
0.1176 0.182892 0.724233
0.126 0.172872 0.728816
0.1344 0.163135 0.732835
0.1428 0.15368 0.736289
0.1512 0.144507 0.739178
0.1596 0.135616 0.741503
0.168 0.127008 0.743264
0.1764 0.118682 0.74446
0.1848 0.110638 0.745092
0.1932 0.102876 0.745159
0.2016 0.0953971 0.744662
0.21 0.0882 0.7436
0.2184 0.0812851 0.741974
0.2268 0.0746525 0.739783
0.2352 0.0683021 0.737028
0.2436 0.0622339 0.733708
0.252 0.056448 0.729824
0.2604 0.0509443 0.725375
0.2688 0.0457229 0.720362
0.2772 0.0407837 0.714785
0.2856 0.0361267 0.708643
0.294 0.031752 0.701936
0.3024 0.0276595 0.694665
0.3108 0.0238493 0.686829
0.3192 0.0203213 0.678429
0.3276 0.0170755 0.669465
0.336 0.014112 0.659936
0.3444 0.0114307 0.649843
0.3528 0.00903168 0.639185
0.3612 0.00691488 0.627962
0.3696 0.00508032 0.616175
0.378 0.003528 0.603824
0.3864 0.00225792 0.590908
0.3948 0.00127008 0.577428
0.4032 0.00056448 0.563383
0.4116 0.00014112 0.548774
0.42 0 0.5336
0 0.32 0.62
0.008 0.307328 0.630944
0.016 0.294912 0.641376
0.024 0.282752 0.651296
0.032 0.270848 0.660704
0.04 0.2592 0.6696
0.048 0.247808 0.677984
0.056 0.236672 0.685856
0.064 0.225792 0.693216
0.072 0.215168 0.700064
0.08 0.2048 0.7064
0.088 0.194688 0.712224
0.096 0.184832 0.717536
0.104 0.175232 0.722336
0.112 0.165888 0.726624
0.12 0.1568 0.7304
0.128 0.147968 0.733664
0.136 0.139392 0.736416
0.144 0.131072 0.738656
0.152 0.123008 0.740384
0.16 0.1152 0.7416
0.168 0.107648 0.742304
0.176 0.100352 0.742496
0.184 0.093312 0.742176
0.192 0.086528 0.741344
0.2 0.08 0.74
0.208 0.073728 0.738144
0.216 0.067712 0.735776
0.224 0.061952 0.732896
0.232 0.056448 0.729504
0.24 0.0512 0.7256
0.248 0.046208 0.721184
0.256 0.041472 0.716256
0.264 0.036992 0.710816
0.272 0.032768 0.704864
0.28 0.0288 0.6984
0.288 0.025088 0.691424
0.296 0.021632 0.683936
0.304 0.018432 0.675936
0.312 0.015488 0.667424
0.32 0.0128 0.6584
0.328 0.010368 0.648864
0.336 0.008192 0.638816
0.344 0.006272 0.628256
0.352 0.004608 0.617184
0.36 0.0032 0.6056
0.368 0.002048 0.593504
0.376 0.001152 0.580896
0.384 0.000512 0.567776
0.392 0.000128 0.554144
0.4 0 0.54
0 0.2888 0.6368
0.0076 0.277364 0.646297
0.0152 0.266158 0.655332
0.0228 0.255184 0.663905
0.0304 0.24444 0.672015
0.038 0.233928 0.679664
0.0456 0.223647 0.686851
0.0532 0.213596 0.693575
0.0608 0.203777 0.699837
0.0684 0.194189 0.705638
0.076 0.184832 0.710976
0.0836 0.175706 0.715852
0.0912 0.166811 0.720266
0.0988 0.158147 0.724218
0.1064 0.149714 0.727708
0.114 0.141512 0.730736
0.1216 0.133541 0.733302
0.1292 0.125801 0.735405
0.1368 0.118292 0.737047
0.1444 0.111015 0.738227
0.152 0.103968 0.738944
0.1596 0.0971523 0.739199
0.1672 0.0905677 0.738993
0.1748 0.0842141 0.738324
0.1824 0.0780915 0.737193
0.19 0.0722 0.7356
0.1976 0.0665395 0.733545
0.2052 0.0611101 0.731028
0.2128 0.0559117 0.728049
0.2204 0.0509443 0.724607
0.228 0.046208 0.720704
0.2356 0.0417027 0.716339
0.2432 0.0374285 0.711511
0.2508 0.0333853 0.706221
0.2584 0.0295731 0.70047
0.266 0.025992 0.694256
0.2736 0.0226419 0.68758
0.2812 0.0195229 0.680442
0.2888 0.0166349 0.672842
0.2964 0.0139779 0.66478
0.304 0.011552 0.656256
0.3116 0.00935712 0.64727
0.3192 0.00739328 0.637821
0.3268 0.00566048 0.627911
0.3344 0.00415872 0.617539
0.342 0.002888 0.606704
0.3496 0.00184832 0.595407
0.3572 0.00103968 0.583649
0.3648 0.00046208 0.571428
0.3724 0.00011552 0.558745
0.38 0 0.5456
0 0.2592 0.6512
0.0072 0.248936 0.659345
0.0144 0.238879 0.667075
0.0216 0.229029 0.67439
0.0288 0.219387 0.68129
0.036 0.209952 0.687776
0.0432 0.200724 0.693847
0.0504 0.191704 0.699503
0.0576 0.182892 0.704745
0.0648 0.174286 0.709572
0.072 0.165888 0.713984
0.0792 0.157697 0.717981
0.0864 0.149714 0.721564
0.0936 0.141938 0.724732
0.1008 0.134369 0.727485
0.108 0.127008 0.729824
0.1152 0.119854 0.731748
0.1224 0.112908 0.733257
0.1296 0.106168 0.734351
0.1368 0.0996365 0.735031
0.144 0.093312 0.735296
0.1512 0.0871949 0.735146
0.1584 0.0812851 0.734582
0.1656 0.0755827 0.733603
0.1728 0.0700877 0.732209
0.18 0.0648 0.7304
0.1872 0.0597197 0.728177
0.1944 0.0548467 0.725539
0.2016 0.0501811 0.722486
0.2088 0.0457229 0.719018
0.216 0.041472 0.715136
0.2232 0.0374285 0.710839
0.2304 0.0335923 0.706127
0.2376 0.0299635 0.701001
0.2448 0.0265421 0.69546
0.252 0.023328 0.689504
0.2592 0.0203213 0.683133
0.2664 0.0175219 0.676348
0.2736 0.0149299 0.669148
0.2808 0.0125453 0.661533
0.288 0.010368 0.653504
0.2952 0.00839808 0.64506
0.3024 0.00663552 0.636201
0.3096 0.00508032 0.626927
0.3168 0.00373248 0.617239
0.324 0.002592 0.607136
0.3312 0.00165888 0.596618
0.3384 0.00093312 0.585686
0.3456 0.00041472 0.574339
0.3528 0.00010368 0.562577
0.36 0 0.5504
0 0.2312 0.6632
0.0068 0.222044 0.670087
0.0136 0.213074 0.676604
0.0204 0.204288 0.682751
0.0272 0.195688 0.688529
0.034 0.187272 0.693936
0.0408 0.179041 0.698973
0.0476 0.170996 0.703641
0.0544 0.163135 0.707939
0.0612 0.155459 0.711866
0.068 0.147968 0.715424
0.0748 0.140662 0.718612
0.0816 0.133541 0.72143
0.0884 0.126605 0.723878
0.0952 0.119854 0.725956
0.102 0.113288 0.727664
0.1088 0.106907 0.729002
0.1156 0.100711 0.729971
0.1224 0.0946995 0.730569
0.1292 0.0888733 0.730797
0.136 0.083232 0.730656
0.1428 0.0777757 0.730145
0.1496 0.0725043 0.729263
0.1564 0.0674179 0.728012
0.1632 0.0625165 0.726391
0.17 0.0578 0.7244
0.1768 0.0532685 0.722039
0.1836 0.0489219 0.719308
0.1904 0.0447603 0.716207
0.1972 0.0407837 0.712737
0.204 0.036992 0.708896
0.2108 0.0333853 0.704685
0.2176 0.0299635 0.700105
0.2244 0.0267267 0.695155
0.2312 0.0236749 0.689834
0.238 0.020808 0.684144
0.2448 0.0181261 0.678084
0.2516 0.0156291 0.671654
0.2584 0.0133171 0.664854
0.2652 0.0111901 0.657684
0.272 0.009248 0.650144
0.2788 0.00749088 0.642234
0.2856 0.00591872 0.633955
0.2924 0.00453152 0.625305
0.2992 0.00332928 0.616285
0.306 0.002312 0.606896
0.3128 0.00147968 0.597137
0.3196 0.00083232 0.587007
0.3264 0.00036992 0.576508
0.3332 9.248e-05 0.565639
0.34 0 0.5544
0 0.2048 0.6728
0.0064 0.19669 0.678524
0.0128 0.188744 0.683921
0.0192 0.180961 0.688989
0.0256 0.173343 0.693731
0.032 0.165888 0.698144
0.0384 0.158597 0.70223
0.0448 0.15147 0.705988
0.0512 0.144507 0.709418
0.0576 0.137708 0.712521
0.064 0.131072 0.715296
0.0704 0.1246 0.717743
0.0768 0.118292 0.719863
0.0832 0.112148 0.721655
0.0896 0.106168 0.723119
0.096 0.100352 0.724256
0.1024 0.0946995 0.725065
0.1088 0.0892109 0.725546
0.1152 0.0838861 0.7257
0.1216 0.0787251 0.725526
0.128 0.073728 0.725024
0.1344 0.0688947 0.724195
0.1408 0.0642253 0.723037
0.1472 0.0597197 0.721553
0.1536 0.0553779 0.71974
0.16 0.0512 0.7176
0.1664 0.0471859 0.715132
0.1728 0.0433357 0.712337
0.1792 0.0396493 0.709213
0.1856 0.0361267 0.705763
0.192 0.032768 0.701984
0.1984 0.0295731 0.697878
0.2048 0.0265421 0.693444
0.2112 0.0236749 0.688682
0.2176 0.0209715 0.683593
0.224 0.018432 0.678176
0.2304 0.0160563 0.672431
0.2368 0.0138445 0.666359
0.2432 0.0117965 0.659959
0.2496 0.00991232 0.653231
0.256 0.008192 0.646176
0.2624 0.00663552 0.638793
0.2688 0.00524288 0.631082
0.2752 0.00401408 0.623044
0.2816 0.00294912 0.614678
0.288 0.002048 0.605984
0.2944 0.00131072 0.596963
0.3008 0.00073728 0.587613
0.3072 0.00032768 0.577937
0.3136 8.192e-05 0.567932
0.32 0 0.5576
0 0.18 0.68
0.006 0.172872 0.684656
0.012 0.165888 0.689024
0.018 0.159048 0.693104
0.024 0.152352 0.696896
0.03 0.1458 0.7004
0.036 0.139392 0.703616
0.042 0.133128 0.706544
0.048 0.127008 0.709184
0.054 0.121032 0.711536
0.06 0.1152 0.7136
0.066 0.109512 0.715376
0.072 0.103968 0.716864
0.078 0.098568 0.718064
0.084 0.093312 0.718976
0.09 0.0882 0.7196
0.096 0.083232 0.719936
0.102 0.078408 0.719984
0.108 0.073728 0.719744
0.114 0.069192 0.719216
0.12 0.0648 0.7184
0.126 0.060552 0.717296
0.132 0.056448 0.715904
0.138 0.052488 0.714224
0.144 0.048672 0.712256
0.15 0.045 0.71
0.156 0.041472 0.707456
0.162 0.038088 0.704624
0.168 0.034848 0.701504
0.174 0.031752 0.698096
0.18 0.0288 0.6944
0.186 0.025992 0.690416
0.192 0.023328 0.686144
0.198 0.020808 0.681584
0.204 0.018432 0.676736
0.21 0.0162 0.6716
0.216 0.014112 0.666176
0.222 0.012168 0.660464
0.228 0.010368 0.654464
0.234 0.008712 0.648176
0.24 0.0072 0.6416
0.246 0.005832 0.634736
0.252 0.004608 0.627584
0.258 0.003528 0.620144
0.264 0.002592 0.612416
0.27 0.0018 0.6044
0.276 0.001152 0.596096
0.282 0.000648 0.587504
0.288 0.000288 0.578624
0.294 7.2e-05 0.569456
0.3 0 0.56
0 0.1568 0.6848
0.0056 0.150591 0.688483
0.0112 0.144507 0.691914
0.0168 0.138548 0.695095
0.0224 0.132716 0.698025
0.028 0.127008 0.700704
0.0336 0.121426 0.703132
0.0392 0.115969 0.705309
0.0448 0.110638 0.707236
0.0504 0.105432 0.708911
0.056 0.100352 0.710336
0.0616 0.0953971 0.71151
0.0672 0.0905677 0.712433
0.0728 0.0858637 0.713105
0.0784 0.0812851 0.713526
0.084 0.076832 0.713696
0.0896 0.0725043 0.713615
0.0952 0.0683021 0.713284
0.1008 0.0642253 0.712701
0.1064 0.0602739 0.711868
0.112 0.056448 0.710784
0.1176 0.0527475 0.709449
0.1232 0.0491725 0.707863
0.1288 0.0457229 0.706026
0.1344 0.0423987 0.703939
0.14 0.0392 0.7016
0.1456 0.0361267 0.699011
0.1512 0.0331789 0.69617
0.1568 0.0303565 0.693079
0.1624 0.0276595 0.689737
0.168 0.025088 0.686144
0.1736 0.0226419 0.6823
0.1792 0.0203213 0.678205
0.1848 0.0181261 0.67386
0.1904 0.0160563 0.669263
0.196 0.014112 0.664416
0.2016 0.0122931 0.659318
0.2072 0.0105997 0.653969
0.2128 0.00903168 0.648369
0.2184 0.00758912 0.642518
0.224 0.006272 0.636416
0.2296 0.00508032 0.630063
0.2352 0.00401408 0.62346
0.2408 0.00307328 0.616605
0.2464 0.00225792 0.6095
0.252 0.001568 0.602144
0.2576 0.00100352 0.594537
0.2632 0.00056448 0.586679
0.2688 0.00025088 0.57857
0.2744 6.272e-05 0.570211
0.28 0 0.5616
0 0.1352 0.6872
0.0052 0.129846 0.690004
0.0104 0.1246 0.692591
0.0156 0.119463 0.694963
0.0208 0.114433 0.697117
0.026 0.109512 0.699056
0.0312 0.104699 0.700778
0.0364 0.0999939 0.702284
0.0416 0.0953971 0.703574
0.0468 0.0909085 0.704647
0.052 0.086528 0.705504
0.0572 0.0822557 0.706145
0.0624 0.0780915 0.706569
0.0676 0.0740355 0.706777
0.0728 0.0700877 0.706769
0.078 0.066248 0.706544
0.0832 0.0625165 0.706103
0.0884 0.0588931 0.705446
0.0936 0.0553779 0.704572
0.0988 0.0519709 0.703482
0.104 0.048672 0.702176
0.1092 0.0454813 0.700653
0.1144 0.0423987 0.698915
0.1196 0.0394243 0.696959
0.1248 0.0365581 0.694788
0.13 0.0338 0.6924
0.1352 0.0311501 0.689796
0.1404 0.0286083 0.686975
0.1456 0.0261747 0.683939
0.1508 0.0238493 0.680685
0.156 0.021632 0.677216
0.1612 0.0195229 0.67353
0.1664 0.0175219 0.669628
0.1716 0.0156291 0.66551
0.1768 0.0138445 0.661175
0.182 0.012168 0.656624
0.1872 0.0105997 0.651857
0.1924 0.00913952 0.646873
0.1976 0.00778752 0.641673
0.2028 0.00654368 0.636257
0.208 0.005408 0.630624
0.2132 0.00438048 0.624775
0.2184 0.00346112 0.61871
0.2236 0.00264992 0.612428
0.2288 0.00194688 0.60593
0.234 0.001352 0.599216
0.2392 0.00086528 0.592285
0.2444 0.00048672 0.585139
0.2496 0.00021632 0.577775
0.2548 5.408e-05 0.570196
0.26 0 0.5624
0 0.1152 0.6872
0.0048 0.110638 0.68922
0.0096 0.106168 0.691055
0.0144 0.101791 0.692707
0.0192 0.0975053 0.694173
0.024 0.093312 0.695456
0.0288 0.0892109 0.696554
0.0336 0.0852019 0.697468
0.0384 0.0812851 0.698198
0.0432 0.0774605 0.698743
0.048 0.073728 0.699104
0.0528 0.0700877 0.699281
0.0576 0.0665395 0.699273
0.0624 0.0630835 0.699081
0.0672 0.0597197 0.698705
0.072 0.056448 0.698144
0.0768 0.0532685 0.697399
0.0816 0.0501811 0.69647
0.0864 0.0471859 0.695356
0.0912 0.0442829 0.694058
0.096 0.041472 0.692576
0.1008 0.0387533 0.690909
0.1056 0.0361267 0.689059
0.1104 0.0335923 0.687023
0.1152 0.0311501 0.684804
0.12 0.0288 0.6824
0.1248 0.0265421 0.679812
0.1296 0.0243763 0.677039
0.1344 0.0223027 0.674083
0.1392 0.0203213 0.670941
0.144 0.018432 0.667616
0.1488 0.0166349 0.664106
0.1536 0.0149299 0.660412
0.1584 0.0133171 0.656534
0.1632 0.0117965 0.652471
0.168 0.010368 0.648224
0.1728 0.00903168 0.643793
0.1776 0.00778752 0.639177
0.1824 0.00663552 0.634377
0.1872 0.00557568 0.629393
0.192 0.004608 0.624224
0.1968 0.00373248 0.618871
0.2016 0.00294912 0.613334
0.2064 0.00225792 0.607612
0.2112 0.00165888 0.601706
0.216 0.001152 0.595616
0.2208 0.00073728 0.589341
0.2256 0.00041472 0.582883
0.2304 0.00018432 0.576239
0.2352 4.608e-05 0.569412
0.24 0 0.5624
0 0.0968 0.6848
0.0044 0.0929667 0.686131
0.0088 0.0892109 0.687306
0.0132 0.0855325 0.688327
0.0176 0.0819315 0.689193
0.022 0.078408 0.689904
0.0264 0.0749619 0.69046
0.0308 0.0715933 0.690861
0.0352 0.0683021 0.691108
0.0396 0.0650883 0.691199
0.044 0.061952 0.691136
0.0484 0.0588931 0.690918
0.0528 0.0559117 0.690545
0.0572 0.0530077 0.690017
0.0616 0.0501811 0.689334
0.066 0.047432 0.688496
0.0704 0.0447603 0.687503
0.0748 0.0421661 0.686356
0.0792 0.0396493 0.685053
0.0836 0.0372099 0.683596
0.088 0.034848 0.681984
0.0924 0.0325635 0.680217
0.0968 0.0303565 0.678295
0.1012 0.0282269 0.676218
0.1056 0.0261747 0.673987
0.11 0.0242 0.6716
0.1144 0.0223027 0.669059
0.1188 0.0204829 0.666362
0.1232 0.0187405 0.663511
0.1276 0.0170755 0.660505
0.132 0.015488 0.657344
0.1364 0.0139779 0.654028
0.1408 0.0125453 0.650557
0.1452 0.0111901 0.646932
0.1496 0.00991232 0.643151
0.154 0.008712 0.639216
0.1584 0.00758912 0.635126
0.1628 0.00654368 0.630881
0.1672 0.00557568 0.626481
0.1716 0.00468512 0.621926
0.176 0.003872 0.617216
0.1804 0.00313632 0.612351
0.1848 0.00247808 0.607332
0.1892 0.00189728 0.602157
0.1936 0.00139392 0.596828
0.198 0.000968 0.591344
0.2024 0.00061952 0.585705
0.2068 0.00034848 0.579911
0.2112 0.00015488 0.573962
0.2156 3.872e-05 0.567859
0.22 0 0.5616
0 0.08 0.68
0.004 0.076832 0.680736
0.008 0.073728 0.681344
0.012 0.070688 0.681824
0.016 0.067712 0.682176
0.02 0.0648 0.6824
0.024 0.061952 0.682496
0.028 0.059168 0.682464
0.032 0.056448 0.682304
0.036 0.053792 0.682016
0.04 0.0512 0.6816
0.044 0.048672 0.681056
0.048 0.046208 0.680384
0.052 0.043808 0.679584
0.056 0.041472 0.678656
0.06 0.0392 0.6776
0.064 0.036992 0.676416
0.068 0.034848 0.675104
0.072 0.032768 0.673664
0.076 0.030752 0.672096
0.08 0.0288 0.6704
0.084 0.026912 0.668576
0.088 0.025088 0.666624
0.092 0.023328 0.664544
0.096 0.021632 0.662336
0.1 0.02 0.66
0.104 0.018432 0.657536
0.108 0.016928 0.654944
0.112 0.015488 0.652224
0.116 0.014112 0.649376
0.12 0.0128 0.6464
0.124 0.011552 0.643296
0.128 0.010368 0.640064
0.132 0.009248 0.636704
0.136 0.008192 0.633216
0.14 0.0072 0.6296
0.144 0.006272 0.625856
0.148 0.005408 0.621984
0.152 0.004608 0.617984
0.156 0.003872 0.613856
0.16 0.0032 0.6096
0.164 0.002592 0.605216
0.168 0.002048 0.600704
0.172 0.001568 0.596064
0.176 0.001152 0.591296
0.18 0.0008 0.5864
0.184 0.000512 0.581376
0.188 0.000288 0.576224
0.192 0.000128 0.570944
0.196 3.2e-05 0.565536
0.2 0 0.56
0 0.0648 0.6728
0.0036 0.0622339 0.673036
0.0072 0.0597197 0.673169
0.0108 0.0572573 0.673197
0.0144 0.0548467 0.673123
0.018 0.052488 0.672944
0.0216 0.0501811 0.672662
0.0252 0.0479261 0.672276
0.0288 0.0457229 0.671786
0.0324 0.0435715 0.671193
0.036 0.041472 0.670496
0.0396 0.0394243 0.669695
0.0432 0.0374285 0.668791
0.0468 0.0354845 0.667783
0.0504 0.0335923 0.666671
0.054 0.031752 0.665456
0.0576 0.0299635 0.664137
0.0612 0.0282269 0.662714
0.0648 0.0265421 0.661188
0.0684 0.0249091 0.659558
0.072 0.023328 0.657824
0.0756 0.0217987 0.655987
0.0792 0.0203213 0.654045
0.0828 0.0188957 0.652001
0.0864 0.0175219 0.649852
0.09 0.0162 0.6476
0.0936 0.0149299 0.645244
0.0972 0.0137117 0.642785
0.1008 0.0125453 0.640221
0.1044 0.0114307 0.637555
0.108 0.010368 0.634784
0.1116 0.00935712 0.63191
0.1152 0.00839808 0.628932
0.1188 0.00749088 0.62585
0.1224 0.00663552 0.622665
0.126 0.005832 0.619376
0.1296 0.00508032 0.615983
0.1332 0.00438048 0.612487
0.1368 0.00373248 0.608887
0.1404 0.00313632 0.605183
0.144 0.002592 0.601376
0.1476 0.00209952 0.597465
0.1512 0.00165888 0.59345
0.1548 0.00127008 0.589332
0.1584 0.00093312 0.58511
0.162 0.000648 0.580784
0.1656 0.00041472 0.576355
0.1692 0.00023328 0.571821
0.1728 0.00010368 0.567185
0.1764 2.592e-05 0.562444
0.18 0 0.5576
0 0.0512 0.6632
0.0032 0.0491725 0.663031
0.0064 0.0471859 0.66278
0.0096 0.0452403 0.662447
0.0128 0.0433357 0.662033
0.016 0.041472 0.661536
0.0192 0.0396493 0.660957
0.0224 0.0378675 0.660297
0.0256 0.0361267 0.659555
0.0288 0.0344269 0.65873
0.032 0.032768 0.657824
0.0352 0.0311501 0.656836
0.0384 0.0295731 0.655766
0.0416 0.0280371 0.654614
0.0448 0.0265421 0.65338
0.048 0.025088 0.652064
0.0512 0.0236749 0.650666
0.0544 0.0223027 0.649187
0.0576 0.0209715 0.647625
0.0608 0.0196813 0.645981
0.064 0.018432 0.644256
0.0672 0.0172237 0.642449
0.0704 0.0160563 0.640559
0.0736 0.0149299 0.638588
0.0768 0.0138445 0.636535
0.08 0.0128 0.6344
0.0832 0.0117965 0.632183
0.0864 0.0108339 0.629884
0.0896 0.00991232 0.627503
0.0928 0.00903168 0.625041
0.096 0.008192 0.622496
0.0992 0.00739328 0.619869
0.1024 0.00663552 0.617161
0.1056 0.00591872 0.614371
0.1088 0.00524288 0.611498
0.112 0.004608 0.608544
0.1152 0.00401408 0.605508
0.1184 0.00346112 0.60239
0.1216 0.00294912 0.59919
0.1248 0.00247808 0.595908
0.128 0.002048 0.592544
0.1312 0.00165888 0.589098
0.1344 0.00131072 0.585571
0.1376 0.00100352 0.581961
0.1408 0.00073728 0.578269
0.144 0.000512 0.574496
0.1472 0.00032768 0.570641
0.1504 0.00018432 0.566703
0.1536 8.192e-05 0.562684
0.1568 2.048e-05 0.558583
0.16 0 0.5544
0 0.0392 0.6512
0.0028 0.0376477 0.650721
0.0056 0.0361267 0.650179
0.0084 0.0346371 0.649574
0.0112 0.0331789 0.648906
0.014 0.031752 0.648176
0.0168 0.0303565 0.647383
0.0196 0.0289923 0.646527
0.0224 0.0276595 0.645609
0.0252 0.0263581 0.644628
0.028 0.025088 0.643584
0.0308 0.0238493 0.642477
0.0336 0.0226419 0.641308
0.0364 0.0214659 0.640076
0.0392 0.0203213 0.638781
0.042 0.019208 0.637424
0.0448 0.0181261 0.636004
0.0476 0.0170755 0.634521
0.0504 0.0160563 0.632975
0.0532 0.0150685 0.631367
0.056 0.014112 0.629696
0.0588 0.0131869 0.627962
0.0616 0.0122931 0.626166
0.0644 0.0114307 0.624307
0.0672 0.0105997 0.622385
0.07 0.0098 0.6204
0.0728 0.00903168 0.618353
0.0756 0.00829472 0.616243
0.0784 0.00758912 0.61407
0.0812 0.00691488 0.611834
0.084 0.006272 0.609536
0.0868 0.00566048 0.607175
0.0896 0.00508032 0.604751
0.0924 0.00453152 0.602265
0.0952 0.00401408 0.599716
0.098 0.003528 0.597104
0.1008 0.00307328 0.594429
0.1036 0.00264992 0.591692
0.1064 0.00225792 0.588892
0.1092 0.00189728 0.586029
0.112 0.001568 0.583104
0.1148 0.00127008 0.580116
0.1176 0.00100352 0.577065
0.1204 0.00076832 0.573951
0.1232 0.00056448 0.570775
0.126 0.000392 0.567536
0.1288 0.00025088 0.564234
0.1316 0.00014112 0.56087
0.1344 6.272e-05 0.557443
0.1372 1.568e-05 0.553953
0.14 0 0.5504
0 0.0288 0.6368
0.0024 0.0276595 0.636105
0.0048 0.0265421 0.635364
0.0072 0.0254477 0.634577
0.0096 0.0243763 0.633743
0.012 0.023328 0.632864
0.0144 0.0223027 0.631939
0.0168 0.0213005 0.630967
0.0192 0.0203213 0.629949
0.0216 0.0193651 0.628886
0.024 0.018432 0.627776
0.0264 0.0175219 0.62662
0.0288 0.0166349 0.625418
0.0312 0.0157709 0.62417
0.0336 0.0149299 0.622876
0.036 0.014112 0.621536
0.0384 0.0133171 0.62015
0.0408 0.0125453 0.618717
0.0432 0.0117965 0.617239
0.0456 0.0110707 0.615715
0.048 0.010368 0.614144
0.0504 0.00968832 0.612527
0.0528 0.00903168 0.610865
0.0552 0.00839808 0.609156
0.0576 0.00778752 0.607401
0.06 0.0072 0.6056
0.0624 0.00663552 0.603753
0.0648 0.00609408 0.60186
0.0672 0.00557568 0.599921
0.0696 0.00508032 0.597935
0.072 0.004608 0.595904
0.0744 0.00415872 0.593827
0.0768 0.00373248 0.591703
0.0792 0.00332928 0.589533
0.0816 0.00294912 0.587318
0.084 0.002592 0.585056
0.0864 0.00225792 0.582748
0.0888 0.00194688 0.580394
0.0912 0.00165888 0.577994
0.0936 0.00139392 0.575548
0.096 0.001152 0.573056
0.0984 0.00093312 0.570518
0.1008 0.00073728 0.567933
0.1032 0.00056448 0.565303
0.1056 0.00041472 0.562627
0.108 0.000288 0.559904
0.1104 0.00018432 0.557135
0.1128 0.00010368 0.554321
0.1152 4.608e-05 0.55146
0.1176 1.152e-05 0.548553
0.12 0 0.5456
0 0.02 0.62
0.002 0.019208 0.619184
0.004 0.018432 0.618336
0.006 0.017672 0.617456
0.008 0.016928 0.616544
0.01 0.0162 0.6156
0.012 0.015488 0.614624
0.014 0.014792 0.613616
0.016 0.014112 0.612576
0.018 0.013448 0.611504
0.02 0.0128 0.6104
0.022 0.012168 0.609264
0.024 0.011552 0.608096
0.026 0.010952 0.606896
0.028 0.010368 0.605664
0.03 0.0098 0.6044
0.032 0.009248 0.603104
0.034 0.008712 0.601776
0.036 0.008192 0.600416
0.038 0.007688 0.599024
0.04 0.0072 0.5976
0.042 0.006728 0.596144
0.044 0.006272 0.594656
0.046 0.005832 0.593136
0.048 0.005408 0.591584
0.05 0.005 0.59
0.052 0.004608 0.588384
0.054 0.004232 0.586736
0.056 0.003872 0.585056
0.058 0.003528 0.583344
0.06 0.0032 0.5816
0.062 0.002888 0.579824
0.064 0.002592 0.578016
0.066 0.002312 0.576176
0.068 0.002048 0.574304
0.07 0.0018 0.5724
0.072 0.001568 0.570464
0.074 0.001352 0.568496
0.076 0.001152 0.566496
0.078 0.000968 0.564464
0.08 0.0008 0.5624
0.082 0.000648 0.560304
0.084 0.000512 0.558176
0.086 0.000392 0.556016
0.088 0.000288 0.553824
0.09 0.0002 0.5516
0.092 0.000128 0.549344
0.094 7.2e-05 0.547056
0.096 3.2e-05 0.544736
0.098 8e-06 0.542384
0.1 0 0.54
0 0.0128 0.6008
0.0016 0.0122931 0.599958
0.0032 0.0117965 0.599095
0.0048 0.0113101 0.598212
0.0064 0.0108339 0.597308
0.008 0.010368 0.596384
0.0096 0.00991232 0.595439
0.0112 0.00946688 0.594474
0.0128 0.00903168 0.593489
0.0144 0.00860672 0.592483
0.016 0.008192 0.591456
0.0176 0.00778752 0.590409
0.0192 0.00739328 0.589341
0.0208 0.00700928 0.588253
0.0224 0.00663552 0.587145
0.024 0.006272 0.586016
0.0256 0.00591872 0.584867
0.0272 0.00557568 0.583697
0.0288 0.00524288 0.582506
0.0304 0.00492032 0.581295
0.032 0.004608 0.580064
0.0336 0.00430592 0.578812
0.0352 0.00401408 0.57754
0.0368 0.00373248 0.576247
0.0384 0.00346112 0.574934
0.04 0.0032 0.5736
0.0416 0.00294912 0.572246
0.0432 0.00270848 0.570871
0.0448 0.00247808 0.569476
0.0464 0.00225792 0.56806
0.048 0.002048 0.566624
0.0496 0.00184832 0.565167
0.0512 0.00165888 0.56369
0.0528 0.00147968 0.562193
0.0544 0.00131072 0.560675
0.056 0.001152 0.559136
0.0576 0.00100352 0.557577
0.0592 0.00086528 0.555997
0.0608 0.00073728 0.554397
0.0624 0.00061952 0.552777
0.064 0.000512 0.551136
0.0656 0.00041472 0.549475
0.0672 0.00032768 0.547793
0.0688 0.00025088 0.54609
0.0704 0.00018432 0.544367
0.072 0.000128 0.542624
0.0736 8.192e-05 0.54086
0.0752 4.608e-05 0.539076
0.0768 2.048e-05 0.537271
0.0784 5.12e-06 0.535446
0.08 0 0.5336
0 0.0072 0.5792
0.0012 0.00691488 0.578426
0.0024 0.00663552 0.577641
0.0036 0.00636192 0.576844
0.0048 0.00609408 0.576036
0.006 0.005832 0.575216
0.0072 0.00557568 0.574385
0.0084 0.00532512 0.573542
0.0096 0.00508032 0.572687
0.0108 0.00484128 0.571821
0.012 0.004608 0.570944
0.0132 0.00438048 0.570055
0.0144 0.00415872 0.569155
0.0156 0.00394272 0.568243
0.0168 0.00373248 0.567319
0.018 0.003528 0.566384
0.0192 0.00332928 0.565437
0.0204 0.00313632 0.564479
0.0216 0.00294912 0.56351
0.0228 0.00276768 0.562529
0.024 0.002592 0.561536
0.0252 0.00242208 0.560532
0.0264 0.00225792 0.559516
0.0276 0.00209952 0.558489
0.0288 0.00194688 0.55745
0.03 0.0018 0.5564
0.0312 0.00165888 0.555338
0.0324 0.00152352 0.554265
0.0336 0.00139392 0.55318
0.0348 0.00127008 0.552084
0.036 0.001152 0.550976
0.0372 0.00103968 0.549857
0.0384 0.00093312 0.548726
0.0396 0.00083232 0.547583
0.0408 0.00073728 0.546429
0.042 0.000648 0.545264
0.0432 0.00056448 0.544087
0.0444 0.00048672 0.542899
0.0456 0.00041472 0.541699
0.0468 0.00034848 0.540487
0.048 0.000288 0.539264
0.0492 0.00023328 0.538029
0.0504 0.00018432 0.536783
0.0516 0.00014112 0.535526
0.0528 0.00010368 0.534257
0.054 7.2e-05 0.532976
0.0552 4.608e-05 0.531684
0.0564 2.592e-05 0.53038
0.0576 1.152e-05 0.529065
0.0588 2.88e-06 0.527738
0.06 0 0.5264
0 0.0032 0.5552
0.0008 0.00307328 0.554589
0.0016 0.00294912 0.553974
0.0024 0.00282752 0.553353
0.0032 0.00270848 0.552727
0.004 0.002592 0.552096
0.0048 0.00247808 0.55146
0.0056 0.00236672 0.550819
0.0064 0.00225792 0.550172
0.0072 0.00215168 0.549521
0.008 0.002048 0.548864
0.0088 0.00194688 0.548202
0.0096 0.00184832 0.547535
0.0104 0.00175232 0.546863
0.0112 0.00165888 0.546186
0.012 0.001568 0.545504
0.0128 0.00147968 0.544817
0.0136 0.00139392 0.544124
0.0144 0.00131072 0.543427
0.0152 0.00123008 0.542724
0.016 0.001152 0.542016
0.0168 0.00107648 0.541303
0.0176 0.00100352 0.540585
0.0184 0.00093312 0.539862
0.0192 0.00086528 0.539133
0.02 0.0008 0.5384
0.0208 0.00073728 0.537661
0.0216 0.00067712 0.536918
0.0224 0.00061952 0.536169
0.0232 0.00056448 0.535415
0.024 0.000512 0.534656
0.0248 0.00046208 0.533892
0.0256 0.00041472 0.533123
0.0264 0.00036992 0.532348
0.0272 0.00032768 0.531569
0.028 0.000288 0.530784
0.0288 0.00025088 0.529994
0.0296 0.00021632 0.529199
0.0304 0.00018432 0.528399
0.0312 0.00015488 0.527594
0.032 0.000128 0.526784
0.0328 0.00010368 0.525969
0.0336 8.192e-05 0.525148
0.0344 6.272e-05 0.524323
0.0352 4.608e-05 0.523492
0.036 3.2e-05 0.522656
0.0368 2.048e-05 0.521815
0.0376 1.152e-05 0.520969
0.0384 5.12e-06 0.520118
0.0392 1.28e-06 0.519261
0.04 0 0.5184
0 0.0008 0.5288
0.0004 0.00076832 0.528447
0.0008 0.00073728 0.528093
0.0012 0.00070688 0.527738
0.0016 0.00067712 0.527382
0.002 0.000648 0.527024
0.0024 0.00061952 0.526665
0.0028 0.00059168 0.526305
0.0032 0.00056448 0.525943
0.0036 0.00053792 0.52558
0.004 0.000512 0.525216
0.0044 0.00048672 0.524851
0.0048 0.00046208 0.524484
0.0052 0.00043808 0.524116
0.0056 0.00041472 0.523747
0.006 0.000392 0.523376
0.0064 0.00036992 0.523004
0.0068 0.00034848 0.522631
0.0072 0.00032768 0.522257
0.0076 0.00030752 0.521881
0.008 0.000288 0.521504
0.0084 0.00026912 0.521126
0.0088 0.00025088 0.520746
0.0092 0.00023328 0.520365
0.0096 0.00021632 0.519983
0.01 0.0002 0.5196
0.0104 0.00018432 0.519215
0.0108 0.00016928 0.518829
0.0112 0.00015488 0.518442
0.0116 0.00014112 0.518054
0.012 0.000128 0.517664
0.0124 0.00011552 0.517273
0.0128 0.00010368 0.516881
0.0132 9.248e-05 0.516487
0.0136 8.192e-05 0.516092
0.014 7.2e-05 0.515696
0.0144 6.272e-05 0.515299
0.0148 5.408e-05 0.5149
0.0152 4.608e-05 0.5145
0.0156 3.872e-05 0.514099
0.016 3.2e-05 0.513696
0.0164 2.592e-05 0.513292
0.0168 2.048e-05 0.512887
0.0172 1.568e-05 0.512481
0.0176 1.152e-05 0.512073
0.018 8e-06 0.511664
0.0184 5.12e-06 0.511254
0.0188 2.88e-06 0.510842
0.0192 1.28e-06 0.510429
0.0196 3.2e-07 0.510015
0.02 0 0.5096
0 0 0.5
0 0 0.5
0 0 0.5
0 0 0.5
0 0 0.5
0 0 0.5
0 0 0.5
0 0 0.5
0 0 0.5
0 0 0.5
0 0 0.5
0 0 0.5
0 0 0.5
0 0 0.5
0 0 0.5
0 0 0.5
0 0 0.5
0 0 0.5
0 0 0.5
0 0 0.5
0 0 0.5
0 0 0.5
0 0 0.5
0 0 0.5
0 0 0.5
0 0 0.5
0 0 0.5
0 0 0.5
0 0 0.5
0 0 0.5
0 0 0.5
0 0 0.5
0 0 0.5
0 0 0.5
0 0 0.5
0 0 0.5
0 0 0.5
0 0 0.5
0 0 0.5
0 0 0.5
0 0 0.5
0 0 0.5
0 0 0.5
0 0 0.5
0 0 0.5
0 0 0.5
0 0 0.5
0 0 0.5
0 0 0.5
0 0 0.5
0 0 0.5
