0 2 -1
0.02 1.9208 -0.9112
0.04 1.8432 -0.8248
0.06 1.7672 -0.7408
0.08 1.6928 -0.6592
0.1 1.62 -0.58
0.12 1.5488 -0.5032
0.14 1.4792 -0.4288
0.16 1.4112 -0.3568
0.18 1.3448 -0.2872
0.2 1.28 -0.22
0.22 1.2168 -0.1552
0.24 1.1552 -0.0928
0.26 1.0952 -0.0328
0.28 1.0368 0.0248
0.3 0.98 0.08
0.32 0.9248 0.1328
0.34 0.8712 0.1832
0.36 0.8192 0.2312
0.38 0.7688 0.2768
0.4 0.72 0.32
0.42 0.6728 0.3608
0.44 0.6272 0.3992
0.46 0.5832 0.4352
0.48 0.5408 0.4688
0.5 0.5 0.5
0.52 0.4608 0.5288
0.54 0.4232 0.5552
0.56 0.3872 0.5792
0.58 0.3528 0.6008
0.6 0.32 0.62
0.62 0.2888 0.6368
0.64 0.2592 0.6512
0.66 0.2312 0.6632
0.68 0.2048 0.6728
0.7 0.18 0.68
0.72 0.1568 0.6848
0.74 0.1352 0.6872
0.76 0.1152 0.6872
0.78 0.0968 0.6848
0.8 0.08 0.68
0.82 0.0648 0.6728
0.84 0.0512 0.6632
0.86 0.0392 0.6512
0.88 0.0288 0.6368
0.9 0.02 0.62
0.92 0.0128 0.6008
0.94 0.0072 0.5792
0.96 0.0032 0.5552
0.98 0.0008 0.5288
1 0 0.5
0 1.9208 -0.9016
0.0196 1.84474 -0.816904
0.0392 1.77021 -0.734514
0.0588 1.69722 -0.654428
0.0784 1.62577 -0.576648
0.098 1.55585 -0.501172
0.1176 1.48747 -0.428001
0.1372 1.42062 -0.357136
0.1568 1.35532 -0.288575
0.1764 1.29155 -0.222319
0.196 1.22931 -0.158368
0.2156 1.16861 -0.0967221
0.2352 1.10945 -0.0373811
0.2548 1.05183 0.0196549
0.2744 0.995743 0.0743859
0.294 0.941192 0.126812
0.3136 0.888178 0.176933
0.3332 0.8367 0.224749
0.3528 0.78676 0.27026
0.3724 0.738356 0.313467
0.392 0.691488 0.354368
0.4116 0.646157 0.392964
0.4312 0.602363 0.429256
0.4508 0.560105 0.463242
0.4704 0.519384 0.494924
0.49 0.4802 0.5243
0.5096 0.442552 0.551372
0.5292 0.406441 0.576138
0.5488 0.371867 0.5986
0.5684 0.338829 0.618756
0.588 0.307328 0.636608
0.6076 0.277364 0.652155
0.6272 0.248936 0.665396
0.6468 0.222044 0.676333
0.6664 0.19669 0.684965
0.686 0.172872 0.691292
0.7056 0.150591 0.695314
0.7252 0.129846 0.697031
0.7448 0.110638 0.696443
0.7644 0.0929667 0.69355
0.784 0.076832 0.688352
0.8036 0.0622339 0.680849
0.8232 0.0491725 0.671041
0.8428 0.0376477 0.658928
0.8624 0.0276595 0.644511
0.882 0.019208 0.627788
0.9016 0.0122931 0.60876
0.9212 0.00691488 0.587428
0.9408 0.00307328 0.56379
0.9604 0.00076832 0.537848
0.98 0 0.5096
0 1.8432 -0.8064
0.0192 1.77021 -0.725714
0.0384 1.69869 -0.64724
0.0576 1.62865 -0.570977
0.0768 1.56008 -0.496927
0.096 1.49299 -0.425088
0.1152 1.42737 -0.355461
0.1344 1.36323 -0.288046
0.1536 1.30056 -0.222843
0.1728 1.23937 -0.159852
0.192 1.17965 -0.099072
0.2112 1.1214 -0.0405043
0.2304 1.06463 0.0158515
0.2496 1.00934 0.0699955
0.2688 0.955515 0.121928
0.288 0.903168 0.171648
0.3072 0.852296 0.219156
0.3264 0.802898 0.264453
0.3456 0.754975 0.307538
0.3648 0.708526 0.348411
0.384 0.663552 0.387072
0.4032 0.620052 0.423521
0.4224 0.578028 0.457759
0.4416 0.537477 0.489784
0.4608 0.498401 0.519598
0.48 0.4608 0.5472
0.4992 0.424673 0.57259
0.5184 0.390021 0.595768
0.5376 0.356844 0.616735
0.5568 0.32514 0.635489
0.576 0.294912 0.652032
0.5952 0.266158 0.666363
0.6144 0.238879 0.678482
0.6336 0.213074 0.688389
0.6528 0.188744 0.696084
0.672 0.165888 0.701568
0.6912 0.144507 0.70484
0.7104 0.1246 0.7059
0.7296 0.106168 0.704748
0.7488 0.0892109 0.701384
0.768 0.073728 0.695808
0.7872 0.0597197 0.68802
0.8064 0.0471859 0.678021
0.8256 0.0361267 0.66581
0.8448 0.0265421 0.651387
0.864 0.018432 0.634752
0.8832 0.0117965 0.615905
0.9024 0.00663552 0.594847
0.9216 0.00294912 0.571576
0.9408 0.00073728 0.546094
0.96 0 0.5184
0 1.7672 -0.7144
0.0188 1.69722 -0.637628
0.0376 1.62865 -0.562977
0.0564 1.5615 -0.490447
0.0752 1.49576 -0.420037
0.094 1.43143 -0.351748
0.1128 1.36852 -0.28558
0.1316 1.30702 -0.221532
0.1504 1.24694 -0.159604
0.1692 1.18827 -0.0997979
0.188 1.13101 -0.042112
0.2068 1.07516 0.0134533
0.2256 1.02073 0.0668979
0.2444 0.967719 0.118222
0.2632 0.916116 0.167425
0.282 0.865928 0.214508
0.3008 0.817153 0.25947
0.3196 0.769792 0.302312
0.3384 0.723845 0.343032
0.3572 0.679312 0.381632
0.376 0.636192 0.418112
0.3948 0.594486 0.452471
0.4136 0.554194 0.484709
0.4324 0.515316 0.514827
0.4512 0.477851 0.542824
0.47 0.4418 0.5687
0.4888 0.407163 0.592456
0.5076 0.37394 0.614091
0.5264 0.34213 0.633605
0.5452 0.311734 0.650999
0.564 0.282752 0.666272
0.5828 0.255184 0.679424
0.6016 0.229029 0.690456
0.6204 0.204288 0.699368
0.6392 0.180961 0.706158
0.658 0.159048 0.710828
0.6768 0.138548 0.713377
0.6956 0.119463 0.713806
0.7144 0.101791 0.712114
0.7332 0.0855325 0.708301
0.752 0.070688 0.702368
0.7708 0.0572573 0.694314
0.7896 0.0452403 0.68414
0.8084 0.0346371 0.671844
0.8272 0.0254477 0.657428
0.846 0.017672 0.640892
0.8648 0.0113101 0.622235
0.8836 0.00636192 0.601457
0.9024 0.00282752 0.578559
0.9212 0.00070688 0.55354
0.94 0 0.5264
0 1.6928 -0.6256
0.0184 1.62577 -0.552648
0.0368 1.56008 -0.481727
0.0552 1.49576 -0.412837
0.0736 1.43279 -0.345979
0.092 1.37117 -0.281152
0.1104 1.3109 -0.218356
0.1288 1.25199 -0.157592
0.1472 1.19444 -0.0988595
0.1656 1.13824 -0.0421581
0.184 1.08339 0.012512
0.2024 1.0299 0.0651507
0.2208 0.977761 0.115758
0.2392 0.926977 0.164334
0.2576 0.877548 0.210879
0.276 0.829472 0.255392
0.2944 0.782751 0.297874
0.3128 0.737384 0.338324
0.3312 0.693371 0.376744
0.3496 0.650712 0.413132
0.368 0.609408 0.447488
0.3864 0.569458 0.479813
0.4048 0.530862 0.510107
0.4232 0.49362 0.538369
0.4416 0.457733 0.5646
0.46 0.4232 0.5888
0.4784 0.390021 0.610968
0.4968 0.358196 0.631105
0.5152 0.327726 0.649211
0.5336 0.29861 0.665285
0.552 0.270848 0.679328
0.5704 0.24444 0.69134
0.5888 0.219387 0.70132
0.6072 0.195688 0.709268
0.6256 0.173343 0.715186
0.644 0.152352 0.719072
0.6624 0.132716 0.720927
0.6808 0.114433 0.72075
0.6992 0.0975053 0.718542
0.7176 0.0819315 0.714303
0.736 0.067712 0.708032
0.7544 0.0548467 0.69973
0.7728 0.0433357 0.689396
0.7912 0.0331789 0.677032
0.8096 0.0243763 0.662636
0.828 0.016928 0.646208
0.8464 0.0108339 0.627749
0.8648 0.00609408 0.607259
0.8832 0.00270848 0.584737
0.9016 0.00067712 0.560184
0.92 0 0.5336
0 1.62 -0.54
0.018 1.55585 -0.470772
0.036 1.49299 -0.403488
0.054 1.43143 -0.338148
0.072 1.37117 -0.274752
0.09 1.3122 -0.2133
0.108 1.25453 -0.153792
0.126 1.19815 -0.096228
0.144 1.14307 -0.040608
0.162 1.08929 0.013068
0.18 1.0368 0.0648
0.198 0.985608 0.114588
0.216 0.935712 0.162432
0.234 0.887112 0.208332
0.252 0.839808 0.252288
0.27 0.7938 0.2943
0.288 0.749088 0.334368
0.306 0.705672 0.372492
0.324 0.663552 0.408672
0.342 0.622728 0.442908
0.36 0.5832 0.4752
0.378 0.544968 0.505548
0.396 0.508032 0.533952
0.414 0.472392 0.560412
0.432 0.438048 0.584928
0.45 0.405 0.6075
0.468 0.373248 0.628128
0.486 0.342792 0.646812
0.504 0.313632 0.663552
0.522 0.285768 0.678348
0.54 0.2592 0.6912
0.558 0.233928 0.702108
0.576 0.209952 0.711072
0.594 0.187272 0.718092
0.612 0.165888 0.723168
0.63 0.1458 0.7263
0.648 0.127008 0.727488
0.666 0.109512 0.726732
0.684 0.093312 0.724032
0.702 0.078408 0.719388
0.72 0.0648 0.7128
0.738 0.052488 0.704268
0.756 0.041472 0.693792
0.774 0.031752 0.681372
0.792 0.023328 0.667008
0.81 0.0162 0.6507
0.828 0.010368 0.632448
0.846 0.005832 0.612252
0.864 0.002592 0.590112
0.882 0.000648 0.566028
0.9 0 0.54
0 1.5488 -0.4576
0.0176 1.48747 -0.392001
0.0352 1.42737 -0.328261
0.0528 1.36852 -0.26638
0.0704 1.3109 -0.206356
0.088 1.25453 -0.148192
0.1056 1.19939 -0.0918861
0.1232 1.14549 -0.0374387
0.1408 1.09283 0.0151501
0.1584 1.04141 0.0658803
0.176 0.991232 0.114752
0.1936 0.94229 0.161765
0.2112 0.894587 0.20692
0.2288 0.848123 0.250216
0.2464 0.802898 0.291653
0.264 0.758912 0.331232
0.2816 0.716165 0.368952
0.2992 0.674657 0.404814
0.3168 0.634388 0.438817
0.3344 0.595359 0.470962
0.352 0.557568 0.501248
0.3696 0.521016 0.529676
0.3872 0.485704 0.556244
0.4048 0.45163 0.580955
0.4224 0.418796 0.603807
0.44 0.3872 0.6248
0.4576 0.356844 0.643935
0.4752 0.327726 0.661211
0.4928 0.299848 0.676628
0.5104 0.273208 0.690188
0.528 0.247808 0.701888
0.5456 0.223647 0.71173
0.5632 0.200724 0.719713
0.5808 0.179041 0.725838
0.5984 0.158597 0.730104
0.616 0.139392 0.732512
0.6336 0.121426 0.733061
0.6512 0.104699 0.731752
0.6688 0.0892109 0.728584
0.6864 0.0749619 0.723557
0.704 0.061952 0.716672
0.7216 0.0501811 0.707928
0.7392 0.0396493 0.697326
0.7568 0.0303565 0.684865
0.7744 0.0223027 0.670546
0.792 0.015488 0.654368
0.8096 0.00991232 0.636332
0.8272 0.00557568 0.616436
0.8448 0.00247808 0.594683
0.8624 0.00061952 0.571071
0.88 0 0.5456
0 1.4792 -0.3784
0.0172 1.42062 -0.316336
0.0344 1.36323 -0.256046
0.0516 1.30702 -0.197532
0.0688 1.25199 -0.140792
0.086 1.19815 -0.085828
0.1032 1.14549 -0.0326387
0.1204 1.09402 0.0187755
0.1376 1.04372 0.0684147
0.1548 0.994614 0.116279
0.172 0.946688 0.162368
0.1892 0.899945 0.206682
0.2064 0.854386 0.249221
0.2236 0.81001 0.289985
0.2408 0.766817 0.328974
0.258 0.724808 0.366188
0.2752 0.683982 0.401627
0.2924 0.64434 0.435291
0.3096 0.60588 0.46718
0.3268 0.568604 0.497293
0.344 0.532512 0.525632
0.3612 0.497603 0.552196
0.3784 0.463877 0.576984
0.3956 0.431335 0.599998
0.4128 0.399976 0.621236
0.43 0.3698 0.6407
0.4472 0.340808 0.658388
0.4644 0.312999 0.674302
0.4816 0.286373 0.68844
0.4988 0.260931 0.700804
0.516 0.236672 0.711392
0.5332 0.213596 0.720205
0.5504 0.191704 0.727244
0.5676 0.170996 0.732507
0.5848 0.15147 0.735995
0.602 0.133128 0.737708
0.6192 0.115969 0.737646
0.6364 0.0999939 0.735809
0.6536 0.0852019 0.732197
0.6708 0.0715933 0.72681
0.688 0.059168 0.719648
0.7052 0.0479261 0.710711
0.7224 0.0378675 0.699999
0.7396 0.0289923 0.687512
0.7568 0.0213005 0.673249
0.774 0.014792 0.657212
0.7912 0.00946688 0.6394
0.8084 0.00532512 0.619812
0.8256 0.00236672 0.59845
0.8428 0.00059168 0.575312
0.86 0 0.5504
0 1.4112 -0.3024
0.0168 1.35532 -0.243775
0.0336 1.30056 -0.186843
0.0504 1.24694 -0.131604
0.0672 1.19444 -0.0780595
0.084 1.14307 -0.026208
0.1008 1.09283 0.0239501
0.1176 1.04372 0.0724147
0.1344 0.995743 0.119186
0.1512 0.948891 0.164264
0.168 0.903168 0.207648
0.1848 0.858574 0.249339
0.2016 0.815109 0.289336
0.2184 0.772773 0.32764
0.2352 0.731566 0.364251
0.252 0.691488 0.399168
0.2688 0.652539 0.432392
0.2856 0.614719 0.463922
0.3024 0.578028 0.493759
0.3192 0.542465 0.521902
0.336 0.508032 0.548352
0.3528 0.474728 0.573108
0.3696 0.442552 0.596172
0.3864 0.411506 0.617541
0.4032 0.381588 0.637217
0.42 0.3528 0.6552
0.4368 0.32514 0.671489
0.4536 0.29861 0.686085
0.4704 0.273208 0.698988
0.4872 0.248936 0.710196
0.504 0.225792 0.719712
0.5208 0.203777 0.727534
0.5376 0.182892 0.733663
0.5544 0.163135 0.738098
0.5712 0.144507 0.74084
0.588 0.127008 0.741888
0.6048 0.110638 0.741243
0.6216 0.0953971 0.738904
0.6384 0.0812851 0.734872
0.6552 0.0683021 0.729147
0.672 0.056448 0.721728
0.6888 0.0457229 0.712616
0.7056 0.0361267 0.70181
0.7224 0.0276595 0.689311
0.7392 0.0203213 0.675118
0.756 0.014112 0.659232
0.7728 0.00903168 0.641652
0.7896 0.00508032 0.62238
0.8064 0.00225792 0.601413
0.8232 0.00056448 0.578753
0.84 0 0.5544
0 1.3448 -0.2296
0.0164 1.29155 -0.174319
0.0328 1.23937 -0.120652
0.0492 1.18827 -0.0685979
0.0656 1.13824 -0.0181581
0.082 1.08929 0.030668
0.0984 1.04141 0.0778803
0.1148 0.994614 0.123479
0.1312 0.948891 0.167464
0.1476 0.904244 0.209835
0.164 0.860672 0.250592
0.1804 0.818176 0.289736
0.1968 0.776756 0.327265
0.2132 0.736412 0.363181
0.2296 0.697144 0.397484
0.246 0.658952 0.430172
0.2624 0.621836 0.461247
0.2788 0.585795 0.490708
0.2952 0.55083 0.518555
0.3116 0.516941 0.544788
0.328 0.484128 0.569408
0.3444 0.452391 0.592414
0.3608 0.421729 0.613806
0.3772 0.392144 0.633584
0.3936 0.363634 0.651749
0.41 0.3362 0.6683
0.4264 0.309842 0.683237
0.4428 0.28456 0.69656
0.4592 0.260353 0.70827
0.4756 0.237223 0.718366
0.492 0.215168 0.726848
0.5084 0.194189 0.733716
0.5248 0.174286 0.738971
0.5412 0.155459 0.742612
0.5576 0.137708 0.744639
0.574 0.121032 0.745052
0.5904 0.105432 0.743852
0.6068 0.0909085 0.741037
0.6232 0.0774605 0.736609
0.6396 0.0650883 0.730568
0.656 0.053792 0.722912
0.6724 0.0435715 0.713643
0.6888 0.0344269 0.70276
0.7052 0.0263581 0.690263
0.7216 0.0193651 0.676152
0.738 0.013448 0.660428
0.7544 0.00860672 0.64309
0.7708 0.00484128 0.624138
0.7872 0.00215168 0.603572
0.8036 0.00053792 0.581393
0.82 0 0.5576
0 1.28 -0.16
0.016 1.22931 -0.107968
0.032 1.17965 -0.057472
0.048 1.13101 -0.008512
0.064 1.08339 0.038912
0.08 1.0368 0.0848
0.096 0.991232 0.129152
0.112 0.946688 0.171968
0.128 0.903168 0.213248
0.144 0.860672 0.252992
0.16 0.8192 0.2912
0.176 0.778752 0.327872
0.192 0.739328 0.363008
0.208 0.700928 0.396608
0.224 0.663552 0.428672
0.24 0.6272 0.4592
0.256 0.591872 0.488192
0.272 0.557568 0.515648
0.288 0.524288 0.541568
0.304 0.492032 0.565952
0.32 0.4608 0.5888
0.336 0.430592 0.610112
0.352 0.401408 0.629888
0.368 0.373248 0.648128
0.384 0.346112 0.664832
0.4 0.32 0.68
0.416 0.294912 0.693632
0.432 0.270848 0.705728
0.448 0.247808 0.716288
0.464 0.225792 0.725312
0.48 0.2048 0.7328
0.496 0.184832 0.738752
0.512 0.165888 0.743168
0.528 0.147968 0.746048
0.544 0.131072 0.747392
0.56 0.1152 0.7472
0.576 0.100352 0.745472
0.592 0.086528 0.742208
0.608 0.073728 0.737408
0.624 0.061952 0.731072
0.64 0.0512 0.7232
0.656 0.041472 0.713792
0.672 0.032768 0.702848
0.688 0.025088 0.690368
0.704 0.018432 0.676352
0.72 0.0128 0.6608
0.736 0.008192 0.643712
0.752 0.004608 0.625088
0.768 0.002048 0.604928
0.784 0.000512 0.583232
0.8 0 0.56
0 1.2168 -0.0936
0.0156 1.16861 -0.0447221
0.0312 1.1214 0.00269568
0.0468 1.07516 0.0486533
0.0624 1.0299 0.0931507
0.078 0.985608 0.136188
0.0936 0.94229 0.177765
0.1092 0.899945 0.217882
0.1248 0.858574 0.256539
0.1404 0.818176 0.293736
0.156 0.778752 0.329472
0.1716 0.740301 0.363748
0.1872 0.702824 0.396564
0.2028 0.66632 0.42792
0.2184 0.630789 0.457816
0.234 0.596232 0.486252
0.2496 0.562648 0.513228
0.2652 0.530038 0.538743
0.2808 0.498401 0.562798
0.2964 0.467738 0.585393
0.312 0.438048 0.606528
0.3276 0.409332 0.626203
0.3432 0.381588 0.644417
0.3588 0.354819 0.661172
0.3744 0.329023 0.676466
0.39 0.3042 0.6903
0.4056 0.280351 0.702674
0.4212 0.257475 0.713588
0.4368 0.235572 0.723041
0.4524 0.214644 0.731035
0.468 0.194688 0.737568
0.4836 0.175706 0.742641
0.4992 0.157697 0.746254
0.5148 0.140662 0.748407
0.5304 0.1246 0.7491
0.546 0.109512 0.748332
0.5616 0.0953971 0.746104
0.5772 0.0822557 0.742416
0.5928 0.0700877 0.737268
0.6084 0.0588931 0.73066
0.624 0.048672 0.722592
0.6396 0.0394243 0.713064
0.6552 0.0311501 0.702075
0.6708 0.0238493 0.689626
0.6864 0.0175219 0.675717
0.702 0.012168 0.660348
0.7176 0.00778752 0.643519
0.7332 0.00438048 0.625229
0.7488 0.00194688 0.60548
0.7644 0.00048672 0.58427
0.78 0 0.5616
0 1.1552 -0.0304
0.0152 1.10945 0.0154189
0.0304 1.06463 0.0598515
0.0456 1.02073 0.102898
0.0608 0.977761 0.144558
0.076 0.935712 0.184832
0.0912 0.894587 0.22372
0.1064 0.854386 0.261221
0.1216 0.815109 0.297336
0.1368 0.776756 0.332065
0.152 0.739328 0.365408
0.1672 0.702824 0.397364
0.1824 0.667244 0.427935
0.1976 0.632588 0.457119
0.2128 0.598856 0.484916
0.228 0.566048 0.511328
0.2432 0.534164 0.536353
0.2584 0.503205 0.559992
0.2736 0.47317 0.582245
0.2888 0.444059 0.603112
0.304 0.415872 0.622592
0.3192 0.388609 0.640686
0.3344 0.362271 0.657394
0.3496 0.336856 0.672716
0.3648 0.312366 0.686651
0.38 0.2888 0.6992
0.3952 0.266158 0.710363
0.4104 0.24444 0.72014
0.4256 0.223647 0.72853
0.4408 0.203777 0.735534
0.456 0.184832 0.741152
0.4712 0.166811 0.745384
0.4864 0.149714 0.748229
0.5016 0.133541 0.749688
0.5168 0.118292 0.749761
0.532 0.103968 0.748448
0.5472 0.0905677 0.745748
0.5624 0.0780915 0.741663
0.5776 0.0665395 0.736191
0.5928 0.0559117 0.729332
0.608 0.046208 0.721088
0.6232 0.0374285 0.711457
0.6384 0.0295731 0.70044
0.6536 0.0226419 0.688037
0.6688 0.0166349 0.674248
0.684 0.011552 0.659072
0.6992 0.00739328 0.64251
0.7144 0.00415872 0.624562
0.7296 0.00184832 0.605228
0.7448 0.00046208 0.584507
0.76 0 0.5624
0 1.0952 0.0296
0.0148 1.05183 0.0724549
0.0296 1.00934 0.113996
0.0444 0.967719 0.154222
0.0592 0.926977 0.193134
0.074 0.887112 0.230732
0.0888 0.848123 0.267016
0.1036 0.81001 0.301985
0.1184 0.772773 0.33564
0.1332 0.736412 0.367981
0.148 0.700928 0.399008
0.1628 0.66632 0.42872
0.1776 0.632588 0.457119
0.1924 0.599732 0.484203
0.2072 0.567752 0.509972
0.222 0.536648 0.534428
0.2368 0.50642 0.557569
0.2516 0.477069 0.579396
0.2664 0.448594 0.599909
0.2812 0.420995 0.619108
0.296 0.394272 0.636992
0.3108 0.368425 0.653562
0.3256 0.343455 0.668818
0.3404 0.31936 0.68276
0.3552 0.296142 0.695387
0.37 0.2738 0.7067
0.3848 0.252334 0.716699
0.3996 0.231744 0.725384
0.4144 0.212031 0.732754
0.4292 0.193193 0.73881
0.444 0.175232 0.743552
0.4588 0.158147 0.74698
0.4736 0.141938 0.749093
0.4884 0.126605 0.749892
0.5032 0.112148 0.749377
0.518 0.098568 0.747548
0.5328 0.0858637 0.744404
0.5476 0.0740355 0.739947
0.5624 0.0630835 0.734175
0.5772 0.0530077 0.727088
0.592 0.043808 0.718688
0.6068 0.0354845 0.708973
0.6216 0.0280371 0.697944
0.6364 0.0214659 0.685601
0.6512 0.0157709 0.671944
0.666 0.010952 0.656972
0.6808 0.00700928 0.640686
0.6956 0.00394272 0.623086
0.7104 0.00175232 0.604172
0.7252 0.00043808 0.583943
0.74 0 0.5624
0 1.0368 0.0864
0.0144 0.995743 0.126386
0.0288 0.955515 0.165128
0.0432 0.916116 0.202625
0.0576 0.877548 0.238879
0.072 0.839808 0.273888
0.0864 0.802898 0.307653
0.1008 0.766817 0.340174
0.1152 0.731566 0.371451
0.1296 0.697144 0.401484
0.144 0.663552 0.430272
0.1584 0.630789 0.457816
0.1728 0.598856 0.484116
0.1872 0.567752 0.509172
0.2016 0.537477 0.532984
0.216 0.508032 0.555552
0.2304 0.479416 0.576876
0.2448 0.45163 0.596955
0.2592 0.424673 0.61579
0.2736 0.398546 0.633381
0.288 0.373248 0.649728
0.3024 0.34878 0.664831
0.3168 0.32514 0.678689
0.3312 0.302331 0.691304
0.3456 0.280351 0.702674
0.36 0.2592 0.7128
0.3744 0.238879 0.721682
0.3888 0.219387 0.72932
0.4032 0.200724 0.735713
0.4176 0.182892 0.740863
0.432 0.165888 0.744768
0.4464 0.149714 0.747429
0.4608 0.134369 0.748846
0.4752 0.119854 0.749019
0.4896 0.106168 0.747948
0.504 0.093312 0.745632
0.5184 0.0812851 0.742072
0.5328 0.0700877 0.737268
0.5472 0.0597197 0.73122
0.5616 0.0501811 0.723928
0.576 0.041472 0.715392
0.5904 0.0335923 0.705612
0.6048 0.0265421 0.694587
0.6192 0.0203213 0.682318
0.6336 0.0149299 0.668805
0.648 0.010368 0.654048
0.6624 0.00663552 0.638047
0.6768 0.00373248 0.620801
0.6912 0.00165888 0.602312
0.7056 0.00041472 0.582578
0.72 0 0.5616
0 0.98 0.14
0.014 0.941192 0.177212
0.028 0.903168 0.213248
0.042 0.865928 0.248108
0.056 0.829472 0.281792
0.07 0.7938 0.3143
0.084 0.758912 0.345632
0.098 0.724808 0.375788
0.112 0.691488 0.404768
0.126 0.658952 0.432572
0.14 0.6272 0.4592
0.154 0.596232 0.484652
0.168 0.566048 0.508928
0.182 0.536648 0.532028
0.196 0.508032 0.553952
0.21 0.4802 0.5747
0.224 0.453152 0.594272
0.238 0.426888 0.612668
0.252 0.401408 0.629888
0.266 0.376712 0.645932
0.28 0.3528 0.6608
0.294 0.329672 0.674492
0.308 0.307328 0.687008
0.322 0.285768 0.698348
0.336 0.264992 0.708512
0.35 0.245 0.7175
0.364 0.225792 0.725312
0.378 0.207368 0.731948
0.392 0.189728 0.737408
0.406 0.172872 0.741692
0.42 0.1568 0.7448
0.434 0.141512 0.746732
0.448 0.127008 0.747488
0.462 0.113288 0.747068
0.476 0.100352 0.745472
0.49 0.0882 0.7427
0.504 0.076832 0.738752
0.518 0.066248 0.733628
0.532 0.056448 0.727328
0.546 0.047432 0.719852
0.56 0.0392 0.7112
0.574 0.031752 0.701372
0.588 0.025088 0.690368
0.602 0.019208 0.678188
0.616 0.014112 0.664832
0.63 0.0098 0.6503
0.644 0.006272 0.634592
0.658 0.003528 0.617708
0.672 0.001568 0.599648
0.686 0.000392 0.580412
0.7 0 0.56
0 0.9248 0.1904
0.0136 0.888178 0.224933
0.0272 0.852296 0.258356
0.0408 0.817153 0.29067
0.0544 0.782751 0.321874
0.068 0.749088 0.351968
0.0816 0.716165 0.380952
0.0952 0.683982 0.408827
0.1088 0.652539 0.435592
0.1224 0.621836 0.461247
0.136 0.591872 0.485792
0.1496 0.562648 0.509228
0.1632 0.534164 0.531553
0.1768 0.50642 0.552769
0.1904 0.479416 0.572876
0.204 0.453152 0.591872
0.2176 0.427628 0.609759
0.2312 0.402843 0.626536
0.2448 0.378798 0.642203
0.2584 0.355493 0.65676
0.272 0.332928 0.670208
0.2856 0.311103 0.682546
0.2992 0.290017 0.693774
0.3128 0.269672 0.703892
0.3264 0.250066 0.712901
0.34 0.2312 0.7208
0.3536 0.213074 0.727589
0.3672 0.195688 0.733268
0.3808 0.179041 0.737838
0.3944 0.163135 0.741298
0.408 0.147968 0.743648
0.4216 0.133541 0.744888
0.4352 0.119854 0.745019
0.4488 0.106907 0.74404
0.4624 0.0946995 0.741951
0.476 0.083232 0.738752
0.4896 0.0725043 0.734444
0.5032 0.0625165 0.729025
0.5168 0.0532685 0.722497
0.5304 0.0447603 0.71486
0.544 0.036992 0.706112
0.5576 0.0299635 0.696255
0.5712 0.0236749 0.685288
0.5848 0.0181261 0.673211
0.5984 0.0133171 0.660024
0.612 0.009248 0.645728
0.6256 0.00591872 0.630322
0.6392 0.00332928 0.613806
0.6528 0.00147968 0.59618
0.6664 0.00036992 0.577445
0.68 0 0.5576
0 0.8712 0.2376
0.0132 0.8367 0.269549
0.0264 0.802898 0.300453
0.0396 0.769792 0.330312
0.0528 0.737384 0.359124
0.066 0.705672 0.386892
0.0792 0.674657 0.413614
0.0924 0.64434 0.439291
0.1056 0.614719 0.463922
0.1188 0.585795 0.487508
0.132 0.557568 0.510048
0.1452 0.530038 0.531543
0.1584 0.503205 0.551992
0.1716 0.477069 0.571396
0.1848 0.45163 0.589755
0.198 0.426888 0.607068
0.2112 0.402843 0.623336
0.2244 0.379495 0.638558
0.2376 0.356844 0.652735
0.2508 0.334889 0.665866
0.264 0.313632 0.677952
0.2772 0.293072 0.688992
0.2904 0.273208 0.698988
0.3036 0.254042 0.707937
0.3168 0.235572 0.715841
0.33 0.2178 0.7227
0.3432 0.200724 0.728513
0.3564 0.184346 0.733281
0.3696 0.168664 0.737004
0.3828 0.15368 0.73968
0.396 0.139392 0.741312
0.4092 0.125801 0.741898
0.4224 0.112908 0.741439
0.4356 0.100711 0.739934
0.4488 0.0892109 0.737384
0.462 0.078408 0.733788
0.4752 0.0683021 0.729147
0.4884 0.0588931 0.72346
0.5016 0.0501811 0.716728
0.5148 0.0421661 0.708951
0.528 0.034848 0.700128
0.5412 0.0282269 0.69026
0.5544 0.0223027 0.679346
0.5676 0.0170755 0.667387
0.5808 0.0125453 0.654382
0.594 0.008712 0.640332
0.6072 0.00557568 0.625236
0.6204 0.00313632 0.609096
0.6336 0.00139392 0.591909
0.6468 0.00034848 0.573677
0.66 0 0.5544
0 0.8192 0.2816
0.0128 0.78676 0.31106
0.0256 0.754975 0.339538
0.0384 0.723845 0.367032
0.0512 0.693371 0.393544
0.064 0.663552 0.419072
0.0768 0.634388 0.443617
0.0896 0.60588 0.46718
0.1024 0.578028 0.489759
0.1152 0.55083 0.511355
0.128 0.524288 0.531968
0.1408 0.498401 0.551598
0.1536 0.47317 0.570245
0.1664 0.448594 0.587909
0.1792 0.424673 0.60459
0.192 0.401408 0.620288
0.2048 0.378798 0.635003
0.2176 0.356844 0.648735
0.2304 0.335544 0.661484
0.2432 0.3149 0.673249
0.256 0.294912 0.684032
0.2688 0.275579 0.693832
0.2816 0.256901 0.702648
0.2944 0.238879 0.710482
0.3072 0.221512 0.717332
0.32 0.2048 0.7232
0.3328 0.188744 0.728084
0.3456 0.173343 0.731986
0.3584 0.158597 0.734904
0.3712 0.144507 0.73684
0.384 0.131072 0.737792
0.3968 0.118292 0.737761
0.4096 0.106168 0.736748
0.4224 0.0946995 0.734751
0.4352 0.0838861 0.731771
0.448 0.073728 0.727808
0.4608 0.0642253 0.722862
0.4736 0.0553779 0.716933
0.4864 0.0471859 0.710021
0.4992 0.0396493 0.702126
0.512 0.032768 0.693248
0.5248 0.0265421 0.683387
0.5376 0.0209715 0.672543
0.5504 0.0160563 0.660716
0.5632 0.0117965 0.647905
0.576 0.008192 0.634112
0.5888 0.00524288 0.619336
0.6016 0.00294912 0.603576
0.6144 0.00131072 0.586834
0.6272 0.00032768 0.569108
0.64 0 0.5504
0 0.7688 0.3224
0.0124 0.738356 0.349467
0.0248 0.708526 0.375611
0.0372 0.679312 0.400832
0.0496 0.650712 0.425132
0.062 0.622728 0.448508
0.0744 0.595359 0.470962
0.0868 0.568604 0.492493
0.0992 0.542465 0.513102
0.1116 0.516941 0.532788
0.124 0.492032 0.551552
0.1364 0.467738 0.569393
0.1488 0.444059 0.586312
0.1612 0.420995 0.602308
0.1736 0.398546 0.617381
0.186 0.376712 0.631532
0.1984 0.355493 0.64476
0.2108 0.334889 0.657066
0.2232 0.3149 0.668449
0.2356 0.295527 0.67891
0.248 0.276768 0.688448
0.2604 0.258624 0.697064
0.2728 0.241096 0.704756
0.2852 0.224182 0.711527
0.2976 0.207884 0.717375
0.31 0.1922 0.7223
0.3224 0.177132 0.726303
0.3348 0.162678 0.729383
0.3472 0.14884 0.73154
0.3596 0.135616 0.732776
0.372 0.123008 0.733088
0.3844 0.111015 0.732478
0.3968 0.0996365 0.730945
0.4092 0.0888733 0.72849
0.4216 0.0787251 0.725112
0.434 0.069192 0.720812
0.4464 0.0602739 0.715589
0.4588 0.0519709 0.709444
0.4712 0.0442829 0.702376
0.4836 0.0372099 0.694385
0.496 0.030752 0.685472
0.5084 0.0249091 0.675636
0.5208 0.0196813 0.664878
0.5332 0.0150685 0.653197
0.5456 0.0110707 0.640594
0.558 0.007688 0.627068
0.5704 0.00492032 0.61262
0.5828 0.00276768 0.597248
0.5952 0.00123008 0.580955
0.6076 0.00030752 0.563739
0.62 0 0.5456
0 0.72 0.36
0.012 0.691488 0.384768
0.024 0.663552 0.408672
0.036 0.636192 0.431712
0.048 0.609408 0.453888
0.06 0.5832 0.4752
0.072 0.557568 0.495648
0.084 0.532512 0.515232
0.096 0.508032 0.533952
0.108 0.484128 0.551808
0.12 0.4608 0.5688
0.132 0.438048 0.584928
0.144 0.415872 0.600192
0.156 0.394272 0.614592
0.168 0.373248 0.628128
0.18 0.3528 0.6408
0.192 0.332928 0.652608
0.204 0.313632 0.663552
0.216 0.294912 0.673632
0.228 0.276768 0.682848
0.24 0.2592 0.6912
0.252 0.242208 0.698688
0.264 0.225792 0.705312
0.276 0.209952 0.711072
0.288 0.194688 0.715968
0.3 0.18 0.72
0.312 0.165888 0.723168
0.324 0.152352 0.725472
0.336 0.139392 0.726912
0.348 0.127008 0.727488
0.36 0.1152 0.7272
0.372 0.103968 0.726048
0.384 0.093312 0.724032
0.396 0.083232 0.721152
0.408 0.073728 0.717408
0.42 0.0648 0.7128
0.432 0.056448 0.707328
0.444 0.048672 0.700992
0.456 0.041472 0.693792
0.468 0.034848 0.685728
0.48 0.0288 0.6768
0.492 0.023328 0.667008
0.504 0.018432 0.656352
0.516 0.014112 0.644832
0.528 0.010368 0.632448
0.54 0.0072 0.6192
0.552 0.004608 0.605088
0.564 0.002592 0.590112
0.576 0.001152 0.574272
0.588 0.000288 0.557568
0.6 0 0.54
0 0.6728 0.3944
0.0116 0.646157 0.416964
0.0232 0.620052 0.438721
0.0348 0.594486 0.459671
0.0464 0.569458 0.479813
0.058 0.544968 0.499148
0.0696 0.521016 0.517676
0.0812 0.497603 0.535396
0.0928 0.474728 0.552308
0.1044 0.452391 0.568414
0.116 0.430592 0.583712
0.1276 0.409332 0.598203
0.1392 0.388609 0.611886
0.1508 0.368425 0.624762
0.1624 0.34878 0.636831
0.174 0.329672 0.648092
0.1856 0.311103 0.658546
0.1972 0.293072 0.668192
0.2088 0.275579 0.677032
0.2204 0.258624 0.685064
0.232 0.242208 0.692288
0.2436 0.22633 0.698705
0.2552 0.21099 0.704315
0.2668 0.196188 0.709117
0.2784 0.181925 0.713112
0.29 0.1682 0.7163
0.3016 0.155013 0.71868
0.3132 0.142364 0.720253
0.3248 0.130254 0.721019
0.3364 0.118682 0.720977
0.348 0.107648 0.720128
0.3596 0.0971523 0.718472
0.3712 0.0871949 0.716008
0.3828 0.0777757 0.712736
0.3944 0.0688947 0.708658
0.406 0.060552 0.703772
0.4176 0.0527475 0.698079
0.4292 0.0454813 0.691578
0.4408 0.0387533 0.68427
0.4524 0.0325635 0.676155
0.464 0.026912 0.667232
0.4756 0.0217987 0.657502
0.4872 0.0172237 0.646964
0.4988 0.0131869 0.63562
0.5104 0.00968832 0.623468
0.522 0.006728 0.610508
0.5336 0.00430592 0.596741
0.5452 0.00242208 0.582167
0.5568 0.00107648 0.566785
0.5684 0.00026912 0.550596
0.58 0 0.5336
0 0.6272 0.4256
0.0112 0.602363 0.446056
0.0224 0.578028 0.465759
0.0336 0.554194 0.484709
0.0448 0.530862 0.502907
0.056 0.508032 0.520352
0.0672 0.485704 0.537044
0.0784 0.463877 0.552984
0.0896 0.442552 0.568172
0.1008 0.421729 0.582606
0.112 0.401408 0.596288
0.1232 0.381588 0.609217
0.1344 0.362271 0.621394
0.1456 0.343455 0.632818
0.1568 0.32514 0.643489
0.168 0.307328 0.653408
0.1792 0.290017 0.662574
0.1904 0.273208 0.670988
0.2016 0.256901 0.678648
0.2128 0.241096 0.685556
0.224 0.225792 0.691712
0.2352 0.21099 0.697115
0.2464 0.19669 0.701765
0.2576 0.182892 0.705663
0.2688 0.169595 0.708808
0.28 0.1568 0.7112
0.2912 0.144507 0.71284
0.3024 0.132716 0.713727
0.3136 0.121426 0.713861
0.3248 0.110638 0.713243
0.336 0.100352 0.711872
0.3472 0.0905677 0.709748
0.3584 0.0812851 0.706872
0.3696 0.0725043 0.703244
0.3808 0.0642253 0.698862
0.392 0.056448 0.693728
0.4032 0.0491725 0.687841
0.4144 0.0423987 0.681202
0.4256 0.0361267 0.67381
0.4368 0.0303565 0.665665
0.448 0.025088 0.656768
0.4592 0.0203213 0.647118
0.4704 0.0160563 0.636716
0.4816 0.0122931 0.62556
0.4928 0.00903168 0.613652
0.504 0.006272 0.600992
0.5152 0.00401408 0.587579
0.5264 0.00225792 0.573413
0.5376 0.00100352 0.558495
0.5488 0.00025088 0.542824
0.56 0 0.5264
0 0.5832 0.4536
0.0108 0.560105 0.472042
0.0216 0.537477 0.489784
0.0324 0.515316 0.506827
0.0432 0.49362 0.523169
0.054 0.472392 0.538812
0.0648 0.45163 0.553755
0.0756 0.431335 0.567998
0.0864 0.411506 0.581541
0.0972 0.392144 0.594384
0.108 0.373248 0.606528
0.1188 0.354819 0.617972
0.1296 0.336856 0.628716
0.1404 0.31936 0.63876
0.1512 0.302331 0.648104
0.162 0.285768 0.656748
0.1728 0.269672 0.664692
0.1836 0.254042 0.671937
0.1944 0.238879 0.678482
0.2052 0.224182 0.684327
0.216 0.209952 0.689472
0.2268 0.196188 0.693917
0.2376 0.182892 0.697663
0.2484 0.170061 0.700708
0.2592 0.157697 0.703054
0.27 0.1458 0.7047
0.2808 0.134369 0.705646
0.2916 0.123405 0.705892
0.3024 0.112908 0.705439
0.3132 0.102876 0.704285
0.324 0.093312 0.702432
0.3348 0.0842141 0.699879
0.3456 0.0755827 0.696626
0.3564 0.0674179 0.692673
0.3672 0.0597197 0.68802
0.378 0.052488 0.682668
0.3888 0.0457229 0.676616
0.3996 0.0394243 0.669864
0.4104 0.0335923 0.662412
0.4212 0.0282269 0.65426
0.432 0.023328 0.645408
0.4428 0.0188957 0.635856
0.4536 0.0149299 0.625605
0.4644 0.0114307 0.614654
0.4752 0.00839808 0.603003
0.486 0.005832 0.590652
0.4968 0.00373248 0.577601
0.5076 0.00209952 0.563851
0.5184 0.00093312 0.5494
0.5292 0.00023328 0.53425
0.54 0 0.5184
0 0.5408 0.4784
0.0104 0.519384 0.494924
0.0208 0.498401 0.510798
0.0312 0.477851 0.526024
0.0416 0.457733 0.5406
0.052 0.438048 0.554528
0.0624 0.418796 0.567807
0.0728 0.399976 0.580436
0.0832 0.381588 0.592417
0.0936 0.363634 0.603749
0.104 0.346112 0.614432
0.1144 0.329023 0.624466
0.1248 0.312366 0.633851
0.1352 0.296142 0.642587
0.1456 0.280351 0.650674
0.156 0.264992 0.658112
0.1664 0.250066 0.664901
0.1768 0.235572 0.671041
0.1872 0.221512 0.676532
0.1976 0.207884 0.681375
0.208 0.194688 0.685568
0.2184 0.181925 0.689112
0.2288 0.169595 0.692008
0.2392 0.157697 0.694254
0.2496 0.146232 0.695852
0.26 0.1352 0.6968
0.2704 0.1246 0.6971
0.2808 0.114433 0.69675
0.2912 0.104699 0.695752
0.3016 0.0953971 0.694104
0.312 0.086528 0.691808
0.3224 0.0780915 0.688863
0.3328 0.0700877 0.685268
0.3432 0.0625165 0.681025
0.3536 0.0553779 0.676133
0.364 0.048672 0.670592
0.3744 0.0423987 0.664402
0.3848 0.0365581 0.657563
0.3952 0.0311501 0.650075
0.4056 0.0261747 0.641938
0.416 0.021632 0.633152
0.4264 0.0175219 0.623717
0.4368 0.0138445 0.613633
0.4472 0.0105997 0.6029
0.4576 0.00778752 0.591519
0.468 0.005408 0.579488
0.4784 0.00346112 0.566808
0.4888 0.00194688 0.55348
0.4992 0.00086528 0.539502
0.5096 0.00021632 0.524876
0.52 0 0.5096
0 0.5 0.5
0.01 0.4802 0.5147
0.02 0.4608 0.5288
0.03 0.4418 0.5423
0.04 0.4232 0.5552
0.05 0.405 0.5675
0.06 0.3872 0.5792
0.07 0.3698 0.5903
0.08 0.3528 0.6008
0.09 0.3362 0.6107
0.1 0.32 0.62
0.11 0.3042 0.6287
0.12 0.2888 0.6368
0.13 0.2738 0.6443
0.14 0.2592 0.6512
0.15 0.245 0.6575
0.16 0.2312 0.6632
0.17 0.2178 0.6683
0.18 0.2048 0.6728
0.19 0.1922 0.6767
0.2 0.18 0.68
0.21 0.1682 0.6827
0.22 0.1568 0.6848
0.23 0.1458 0.6863
0.24 0.1352 0.6872
0.25 0.125 0.6875
0.26 0.1152 0.6872
0.27 0.1058 0.6863
0.28 0.0968 0.6848
0.29 0.0882 0.6827
0.3 0.08 0.68
0.31 0.0722 0.6767
0.32 0.0648 0.6728
0.33 0.0578 0.6683
0.34 0.0512 0.6632
0.35 0.045 0.6575
0.36 0.0392 0.6512
0.37 0.0338 0.6443
0.38 0.0288 0.6368
0.39 0.0242 0.6287
0.4 0.02 0.62
0.41 0.0162 0.6107
0.42 0.0128 0.6008
0.43 0.0098 0.5903
0.44 0.0072 0.5792
0.45 0.005 0.5675
0.46 0.0032 0.5552
0.47 0.0018 0.5423
0.48 0.0008 0.5288
0.49 0.0002 0.5147
0.5 0 0.5
0 0.4608 0.5184
0.0096 0.442552 0.531372
0.0192 0.424673 0.54379
0.0288 0.407163 0.555656
0.0384 0.390021 0.566968
0.048 0.373248 0.577728
0.0576 0.356844 0.587935
0.0672 0.340808 0.597588
0.0768 0.32514 0.606689
0.0864 0.309842 0.615237
0.096 0.294912 0.623232
0.1056 0.280351 0.630674
0.1152 0.266158 0.637563
0.1248 0.252334 0.643899
0.1344 0.238879 0.649682
0.144 0.225792 0.654912
0.1536 0.213074 0.659589
0.1632 0.200724 0.663713
0.1728 0.188744 0.667284
0.1824 0.177132 0.670303
0.192 0.165888 0.672768
0.2016 0.155013 0.67468
0.2112 0.144507 0.67604
0.2208 0.134369 0.676846
0.2304 0.1246 0.6771
0.24 0.1152 0.6768
0.2496 0.106168 0.675948
0.2592 0.0975053 0.674542
0.2688 0.0892109 0.672584
0.2784 0.0812851 0.670072
0.288 0.073728 0.667008
0.2976 0.0665395 0.663391
0.3072 0.0597197 0.65922
0.3168 0.0532685 0.654497
0.3264 0.0471859 0.649221
0.336 0.041472 0.643392
0.3456 0.0361267 0.63701
0.3552 0.0311501 0.630075
0.3648 0.0265421 0.622587
0.3744 0.0223027 0.614546
0.384 0.018432 0.605952
0.3936 0.0149299 0.596805
0.4032 0.0117965 0.587105
0.4128 0.00903168 0.576852
0.4224 0.00663552 0.566047
0.432 0.004608 0.554688
0.4416 0.00294912 0.542776
0.4512 0.00165888 0.530312
0.4608 0.00073728 0.517294
0.4704 0.00018432 0.503724
0.48 0 0.4896
0 0.4232 0.5336
0.0092 0.406441 0.544938
0.0184 0.390021 0.555768
0.0276 0.37394 0.566091
0.0368 0.358196 0.575905
0.046 0.342792 0.585212
0.0552 0.327726 0.594011
0.0644 0.312999 0.602302
0.0736 0.29861 0.610085
0.0828 0.28456 0.61736
0.092 0.270848 0.624128
0.1012 0.257475 0.630388
0.1104 0.24444 0.63614
0.1196 0.231744 0.641384
0.1288 0.219387 0.64612
0.138 0.207368 0.650348
0.1472 0.195688 0.654068
0.1564 0.184346 0.657281
0.1656 0.173343 0.659986
0.1748 0.162678 0.662183
0.184 0.152352 0.663872
0.1932 0.142364 0.665053
0.2024 0.132716 0.665727
0.2116 0.123405 0.665892
0.2208 0.114433 0.66555
0.23 0.1058 0.6647
0.2392 0.0975053 0.663342
0.2484 0.0895491 0.661476
0.2576 0.0819315 0.659103
0.2668 0.0746525 0.656221
0.276 0.067712 0.652832
0.2852 0.0611101 0.648935
0.2944 0.0548467 0.64453
0.3036 0.0489219 0.639617
0.3128 0.0433357 0.634196
0.322 0.038088 0.628268
0.3312 0.0331789 0.621832
0.3404 0.0286083 0.614888
0.3496 0.0243763 0.607436
0.3588 0.0204829 0.599476
0.368 0.016928 0.591008
0.3772 0.0137117 0.582032
0.3864 0.0108339 0.572549
0.3956 0.00829472 0.562558
0.4048 0.00609408 0.552059
0.414 0.004232 0.541052
0.4232 0.00270848 0.529537
0.4324 0.00152352 0.517515
0.4416 0.00067712 0.504984
0.4508 0.00016928 0.491946
0.46 0 0.4784
0 0.3872 0.5456
0.0088 0.371867 0.5554
0.0176 0.356844 0.564735
0.0264 0.34213 0.573605
0.0352 0.327726 0.582011
0.044 0.313632 0.589952
0.0528 0.299848 0.597428
0.0616 0.286373 0.60444
0.0704 0.273208 0.610988
0.0792 0.260353 0.61707
0.088 0.247808 0.622688
0.0968 0.235572 0.627841
0.1056 0.223647 0.63253
0.1144 0.212031 0.636754
0.1232 0.200724 0.640513
0.132 0.189728 0.643808
0.1408 0.179041 0.646638
0.1496 0.168664 0.649004
0.1584 0.158597 0.650904
0.1672 0.14884 0.65234
0.176 0.139392 0.653312
0.1848 0.130254 0.653819
0.1936 0.121426 0.653861
0.2024 0.112908 0.653439
0.2112 0.104699 0.652552
0.22 0.0968 0.6512
0.2288 0.0892109 0.649384
0.2376 0.0819315 0.647103
0.2464 0.0749619 0.644357
0.2552 0.0683021 0.641147
0.264 0.061952 0.637472
0.2728 0.0559117 0.633332
0.2816 0.0501811 0.628728
0.2904 0.0447603 0.62366
0.2992 0.0396493 0.618126
0.308 0.034848 0.612128
0.3168 0.0303565 0.605665
0.3256 0.0261747 0.598738
0.3344 0.0223027 0.591346
0.3432 0.0187405 0.583489
0.352 0.015488 0.575168
0.3608 0.0125453 0.566382
0.3696 0.00991232 0.557132
0.3784 0.00758912 0.547416
0.3872 0.00557568 0.537236
0.396 0.003872 0.526592
0.4048 0.00247808 0.515483
0.4136 0.00139392 0.503909
0.4224 0.00061952 0.491871
0.4312 0.00015488 0.479368
0.44 0 0.4664
0 0.3528 0.5544
0.0084 0.338829 0.562756
0.0168 0.32514 0.570689
0.0252 0.311734 0.578199
0.0336 0.29861 0.585285
0.042 0.285768 0.591948
0.0504 0.273208 0.598188
0.0588 0.260931 0.604004
0.0672 0.248936 0.609396
0.0756 0.237223 0.614366
0.084 0.225792 0.618912
0.0924 0.214644 0.623035
0.1008 0.203777 0.626734
0.1092 0.193193 0.63001
0.1176 0.182892 0.632863
0.126 0.172872 0.635292
0.1344 0.163135 0.637298
0.1428 0.15368 0.63888
0.1512 0.144507 0.64004
0.1596 0.135616 0.640776
0.168 0.127008 0.641088
0.1764 0.118682 0.640977
0.1848 0.110638 0.640443
0.1932 0.102876 0.639485
0.2016 0.0953971 0.638104
0.21 0.0882 0.6363
0.2184 0.0812851 0.634072
0.2268 0.0746525 0.631421
0.2352 0.0683021 0.628347
0.2436 0.0622339 0.624849
0.252 0.056448 0.620928
0.2604 0.0509443 0.616584
0.2688 0.0457229 0.611816
0.2772 0.0407837 0.606624
0.2856 0.0361267 0.60101
0.294 0.031752 0.594972
0.3024 0.0276595 0.588511
0.3108 0.0238493 0.581626
0.3192 0.0203213 0.574318
0.3276 0.0170755 0.566587
0.336 0.014112 0.558432
0.3444 0.0114307 0.549854
0.3528 0.00903168 0.540852
0.3612 0.00691488 0.531428
0.3696 0.00508032 0.52158
0.378 0.003528 0.511308
0.3864 0.00225792 0.500613
0.3948 0.00127008 0.489495
0.4032 0.00056448 0.477953
0.4116 0.00014112 0.465988
0.42 0 0.4536
0 0.32 0.56
0.008 0.307328 0.567008
0.016 0.294912 0.573632
0.024 0.282752 0.579872
0.032 0.270848 0.585728
0.04 0.2592 0.5912
0.048 0.247808 0.596288
0.056 0.236672 0.600992
0.064 0.225792 0.605312
0.072 0.215168 0.609248
0.08 0.2048 0.6128
0.088 0.194688 0.615968
0.096 0.184832 0.618752
0.104 0.175232 0.621152
0.112 0.165888 0.623168
0.12 0.1568 0.6248
0.128 0.147968 0.626048
0.136 0.139392 0.626912
0.144 0.131072 0.627392
0.152 0.123008 0.627488
0.16 0.1152 0.6272
0.168 0.107648 0.626528
0.176 0.100352 0.625472
0.184 0.093312 0.624032
0.192 0.086528 0.622208
0.2 0.08 0.62
0.208 0.073728 0.617408
0.216 0.067712 0.614432
0.224 0.061952 0.611072
0.232 0.056448 0.607328
0.24 0.0512 0.6032
0.248 0.046208 0.598688
0.256 0.041472 0.593792
0.264 0.036992 0.588512
0.272 0.032768 0.582848
0.28 0.0288 0.5768
0.288 0.025088 0.570368
0.296 0.021632 0.563552
0.304 0.018432 0.556352
0.312 0.015488 0.548768
0.32 0.0128 0.5408
0.328 0.010368 0.532448
0.336 0.008192 0.523712
0.344 0.006272 0.514592
0.352 0.004608 0.505088
0.36 0.0032 0.4952
0.368 0.002048 0.484928
0.376 0.001152 0.474272
0.384 0.000512 0.463232
0.392 0.000128 0.451808
0.4 0 0.44
0 0.2888 0.5624
0.0076 0.277364 0.568155
0.0152 0.266158 0.573563
0.0228 0.255184 0.578624
0.0304 0.24444 0.58334
0.038 0.233928 0.587708
0.0456 0.223647 0.59173
0.0532 0.213596 0.595405
0.0608 0.203777 0.598734
0.0684 0.194189 0.601716
0.076 0.184832 0.604352
0.0836 0.175706 0.606641
0.0912 0.166811 0.608584
0.0988 0.158147 0.61018
0.1064 0.149714 0.611429
0.114 0.141512 0.612332
0.1216 0.133541 0.612888
0.1292 0.125801 0.613098
0.1368 0.118292 0.612961
0.1444 0.111015 0.612478
0.152 0.103968 0.611648
0.1596 0.0971523 0.610472
0.1672 0.0905677 0.608948
0.1748 0.0842141 0.607079
0.1824 0.0780915 0.604863
0.19 0.0722 0.6023
0.1976 0.0665395 0.599391
0.2052 0.0611101 0.596135
0.2128 0.0559117 0.592532
0.2204 0.0509443 0.588584
0.228 0.046208 0.584288
0.2356 0.0417027 0.579646
0.2432 0.0374285 0.574657
0.2508 0.0333853 0.569322
0.2584 0.0295731 0.56364
0.266 0.025992 0.557612
0.2736 0.0226419 0.551237
0.2812 0.0195229 0.544516
0.2888 0.0166349 0.537448
0.2964 0.0139779 0.530033
0.304 0.011552 0.522272
0.3116 0.00935712 0.514164
0.3192 0.00739328 0.50571
0.3268 0.00566048 0.496909
0.3344 0.00415872 0.487762
0.342 0.002888 0.478268
0.3496 0.00184832 0.468428
0.3572 0.00103968 0.45824
0.3648 0.00046208 0.447707
0.3724 0.00011552 0.436827
0.38 0 0.4256
0 0.2592 0.5616
0.0072 0.248936 0.566196
0.0144 0.238879 0.570482
0.0216 0.229029 0.574456
0.0288 0.219387 0.57812
0.036 0.209952 0.581472
0.0432 0.200724 0.584513
0.0504 0.191704 0.587244
0.0576 0.182892 0.589663
0.0648 0.174286 0.591771
0.072 0.165888 0.593568
0.0792 0.157697 0.595054
0.0864 0.149714 0.596229
0.0936 0.141938 0.597093
0.1008 0.134369 0.597646
0.108 0.127008 0.597888
0.1152 0.119854 0.597819
0.1224 0.112908 0.597439
0.1296 0.106168 0.596748
0.1368 0.0996365 0.595745
0.144 0.093312 0.594432
0.1512 0.0871949 0.592808
0.1584 0.0812851 0.590872
0.1656 0.0755827 0.588626
0.1728 0.0700877 0.586068
0.18 0.0648 0.5832
0.1872 0.0597197 0.58002
0.1944 0.0548467 0.57653
0.2016 0.0501811 0.572728
0.2088 0.0457229 0.568616
0.216 0.041472 0.564192
0.2232 0.0374285 0.559457
0.2304 0.0335923 0.554412
0.2376 0.0299635 0.549055
0.2448 0.0265421 0.543387
0.252 0.023328 0.537408
0.2592 0.0203213 0.531118
0.2664 0.0175219 0.524517
0.2736 0.0149299 0.517605
0.2808 0.0125453 0.510382
0.288 0.010368 0.502848
0.2952 0.00839808 0.495003
0.3024 0.00663552 0.486847
0.3096 0.00508032 0.47838
0.3168 0.00373248 0.469601
0.324 0.002592 0.460512
0.3312 0.00165888 0.451112
0.3384 0.00093312 0.4414
0.3456 0.00041472 0.431378
0.3528 0.00010368 0.421044
0.36 0 0.4104
0 0.2312 0.5576
0.0068 0.222044 0.561133
0.0136 0.213074 0.564389
0.0204 0.204288 0.567368
0.0272 0.195688 0.570068
0.034 0.187272 0.572492
0.0408 0.179041 0.574638
0.0476 0.170996 0.576507
0.0544 0.163135 0.578098
0.0612 0.155459 0.579412
0.068 0.147968 0.580448
0.0748 0.140662 0.581207
0.0816 0.133541 0.581688
0.0884 0.126605 0.581892
0.0952 0.119854 0.581819
0.102 0.113288 0.581468
0.1088 0.106907 0.58084
0.1156 0.100711 0.579934
0.1224 0.0946995 0.578751
0.1292 0.0888733 0.57729
0.136 0.083232 0.575552
0.1428 0.0777757 0.573536
0.1496 0.0725043 0.571244
0.1564 0.0674179 0.568673
0.1632 0.0625165 0.565825
0.17 0.0578 0.5627
0.1768 0.0532685 0.559297
0.1836 0.0489219 0.555617
0.1904 0.0447603 0.55166
0.1972 0.0407837 0.547424
0.204 0.036992 0.542912
0.2108 0.0333853 0.538122
0.2176 0.0299635 0.533055
0.2244 0.0267267 0.52771
0.2312 0.0236749 0.522088
0.238 0.020808 0.516188
0.2448 0.0181261 0.510011
0.2516 0.0156291 0.503556
0.2584 0.0133171 0.496824
0.2652 0.0111901 0.489815
0.272 0.009248 0.482528
0.2788 0.00749088 0.474964
0.2856 0.00591872 0.467122
0.2924 0.00453152 0.459003
0.2992 0.00332928 0.450606
0.306 0.002312 0.441932
0.3128 0.00147968 0.43298
0.3196 0.00083232 0.423752
0.3264 0.00036992 0.414245
0.3332 9.248e-05 0.404461
0.34 0 0.3944
0 0.2048 0.5504
0.0064 0.19669 0.552965
0.0128 0.188744 0.555284
0.0192 0.180961 0.557358
0.0256 0.173343 0.559186
0.032 0.165888 0.560768
0.0384 0.158597 0.562104
0.0448 0.15147 0.563195
0.0512 0.144507 0.56404
0.0576 0.137708 0.564639
0.064 0.131072 0.564992
0.0704 0.1246 0.5651
0.0768 0.118292 0.564961
0.0832 0.112148 0.564577
0.0896 0.106168 0.563948
0.096 0.100352 0.563072
0.1024 0.0946995 0.561951
0.1088 0.0892109 0.560584
0.1152 0.0838861 0.558971
0.1216 0.0787251 0.557112
0.128 0.073728 0.555008
0.1344 0.0688947 0.552658
0.1408 0.0642253 0.550062
0.1472 0.0597197 0.54722
0.1536 0.0553779 0.544133
0.16 0.0512 0.5408
0.1664 0.0471859 0.537221
0.1728 0.0433357 0.533396
0.1792 0.0396493 0.529326
0.1856 0.0361267 0.52501
0.192 0.032768 0.520448
0.1984 0.0295731 0.51564
0.2048 0.0265421 0.510587
0.2112 0.0236749 0.505288
0.2176 0.0209715 0.499743
0.224 0.018432 0.493952
0.2304 0.0160563 0.487916
0.2368 0.0138445 0.481633
0.2432 0.0117965 0.475105
0.2496 0.00991232 0.468332
0.256 0.008192 0.461312
0.2624 0.00663552 0.454047
0.2688 0.00524288 0.446536
0.2752 0.00401408 0.438779
0.2816 0.00294912 0.430776
0.288 0.002048 0.422528
0.2944 0.00131072 0.414034
0.3008 0.00073728 0.405294
0.3072 0.00032768 0.396308
0.3136 8.192e-05 0.387077
0.32 0 0.3776
0 0.18 0.54
0.006 0.172872 0.541692
0.012 0.165888 0.543168
0.018 0.159048 0.544428
0.024 0.152352 0.545472
0.03 0.1458 0.5463
0.036 0.139392 0.546912
0.042 0.133128 0.547308
0.048 0.127008 0.547488
0.054 0.121032 0.547452
0.06 0.1152 0.5472
0.066 0.109512 0.546732
0.072 0.103968 0.546048
0.078 0.098568 0.545148
0.084 0.093312 0.544032
0.09 0.0882 0.5427
0.096 0.083232 0.541152
0.102 0.078408 0.539388
0.108 0.073728 0.537408
0.114 0.069192 0.535212
0.12 0.0648 0.5328
0.126 0.060552 0.530172
0.132 0.056448 0.527328
0.138 0.052488 0.524268
0.144 0.048672 0.520992
0.15 0.045 0.5175
0.156 0.041472 0.513792
0.162 0.038088 0.509868
0.168 0.034848 0.505728
0.174 0.031752 0.501372
0.18 0.0288 0.4968
0.186 0.025992 0.492012
0.192 0.023328 0.487008
0.198 0.020808 0.481788
0.204 0.018432 0.476352
0.21 0.0162 0.4707
0.216 0.014112 0.464832
0.222 0.012168 0.458748
0.228 0.010368 0.452448
0.234 0.008712 0.445932
0.24 0.0072 0.4392
0.246 0.005832 0.432252
0.252 0.004608 0.425088
0.258 0.003528 0.417708
0.264 0.002592 0.410112
0.27 0.0018 0.4023
0.276 0.001152 0.394272
0.282 0.000648 0.386028
0.288 0.000288 0.377568
0.294 7.2e-05 0.368892
0.3 0 0.36
0 0.1568 0.5264
0.0056 0.150591 0.527314
0.0112 0.144507 0.52804
0.0168 0.138548 0.528577
0.0224 0.132716 0.528927
0.028 0.127008 0.529088
0.0336 0.121426 0.529061
0.0392 0.115969 0.528846
0.0448 0.110638 0.528443
0.0504 0.105432 0.527852
0.056 0.100352 0.527072
0.0616 0.0953971 0.526104
0.0672 0.0905677 0.524948
0.0728 0.0858637 0.523604
0.0784 0.0812851 0.522072
0.084 0.076832 0.520352
0.0896 0.0725043 0.518444
0.0952 0.0683021 0.516347
0.1008 0.0642253 0.514062
0.1064 0.0602739 0.511589
0.112 0.056448 0.508928
0.1176 0.0527475 0.506079
0.1232 0.0491725 0.503041
0.1288 0.0457229 0.499816
0.1344 0.0423987 0.496402
0.14 0.0392 0.4928
0.1456 0.0361267 0.48901
0.1512 0.0331789 0.485032
0.1568 0.0303565 0.480865
0.1624 0.0276595 0.476511
0.168 0.025088 0.471968
0.1736 0.0226419 0.467237
0.1792 0.0203213 0.462318
0.1848 0.0181261 0.457211
0.1904 0.0160563 0.451916
0.196 0.014112 0.446432
0.2016 0.0122931 0.44076
0.2072 0.0105997 0.4349
0.2128 0.00903168 0.428852
0.2184 0.00758912 0.422616
0.224 0.006272 0.416192
0.2296 0.00508032 0.40958
0.2352 0.00401408 0.402779
0.2408 0.00307328 0.39579
0.2464 0.00225792 0.388613
0.252 0.001568 0.381248
0.2576 0.00100352 0.373695
0.2632 0.00056448 0.365953
0.2688 0.00025088 0.358024
0.2744 6.272e-05 0.349906
0.28 0 0.3416
0 0.1352 0.5096
0.0052 0.129846 0.509831
0.0104 0.1246 0.5099
0.0156 0.119463 0.509806
0.0208 0.114433 0.50955
0.026 0.109512 0.509132
0.0312 0.104699 0.508552
0.0364 0.0999939 0.507809
0.0416 0.0953971 0.506904
0.0468 0.0909085 0.505837
0.052 0.086528 0.504608
0.0572 0.0822557 0.503216
0.0624 0.0780915 0.501663
0.0676 0.0740355 0.499947
0.0728 0.0700877 0.498068
0.078 0.066248 0.496028
0.0832 0.0625165 0.493825
0.0884 0.0588931 0.49146
0.0936 0.0553779 0.488933
0.0988 0.0519709 0.486244
0.104 0.048672 0.483392
0.1092 0.0454813 0.480378
0.1144 0.0423987 0.477202
0.1196 0.0394243 0.473864
0.1248 0.0365581 0.470363
0.13 0.0338 0.4667
0.1352 0.0311501 0.462875
0.1404 0.0286083 0.458888
0.1456 0.0261747 0.454738
0.1508 0.0238493 0.450426
0.156 0.021632 0.445952
0.1612 0.0195229 0.441316
0.1664 0.0175219 0.436517
0.1716 0.0156291 0.431556
0.1768 0.0138445 0.426433
0.182 0.012168 0.421148
0.1872 0.0105997 0.4157
0.1924 0.00913952 0.410091
0.1976 0.00778752 0.404319
0.2028 0.00654368 0.398384
0.208 0.005408 0.392288
0.2132 0.00438048 0.386029
0.2184 0.00346112 0.379608
0.2236 0.00264992 0.373025
0.2288 0.00194688 0.36628
0.234 0.001352 0.359372
0.2392 0.00086528 0.352302
0.2444 0.00048672 0.34507
0.2496 0.00021632 0.337676
0.2548 5.408e-05 0.330119
0.26 0 0.3224
0 0.1152 0.4896
0.0048 0.110638 0.489243
0.0096 0.106168 0.488748
0.0144 0.101791 0.488114
0.0192 0.0975053 0.487342
0.024 0.093312 0.486432
0.0288 0.0892109 0.485384
0.0336 0.0852019 0.484197
0.0384 0.0812851 0.482872
0.0432 0.0774605 0.481409
0.048 0.073728 0.479808
0.0528 0.0700877 0.478068
0.0576 0.0665395 0.476191
0.0624 0.0630835 0.474175
0.0672 0.0597197 0.47202
0.072 0.056448 0.469728
0.0768 0.0532685 0.467297
0.0816 0.0501811 0.464728
0.0864 0.0471859 0.462021
0.0912 0.0442829 0.459176
0.096 0.041472 0.456192
0.1008 0.0387533 0.45307
0.1056 0.0361267 0.44981
0.1104 0.0335923 0.446412
0.1152 0.0311501 0.442875
0.12 0.0288 0.4392
0.1248 0.0265421 0.435387
0.1296 0.0243763 0.431436
0.1344 0.0223027 0.427346
0.1392 0.0203213 0.423118
0.144 0.018432 0.418752
0.1488 0.0166349 0.414248
0.1536 0.0149299 0.409605
0.1584 0.0133171 0.404824
0.1632 0.0117965 0.399905
0.168 0.010368 0.394848
0.1728 0.00903168 0.389652
0.1776 0.00778752 0.384319
0.1824 0.00663552 0.378847
0.1872 0.00557568 0.373236
0.192 0.004608 0.367488
0.1968 0.00373248 0.361601
0.2016 0.00294912 0.355576
0.2064 0.00225792 0.349413
0.2112 0.00165888 0.343112
0.216 0.001152 0.336672
0.2208 0.00073728 0.330094
0.2256 0.00041472 0.323378
0.2304 0.00018432 0.316524
0.2352 4.608e-05 0.309531
0.24 0 0.3024
0 0.0968 0.4664
0.0044 0.0929667 0.46555
0.0088 0.0892109 0.464584
0.0132 0.0855325 0.463501
0.0176 0.0819315 0.462303
0.022 0.078408 0.460988
0.0264 0.0749619 0.459557
0.0308 0.0715933 0.45801
0.0352 0.0683021 0.456347
0.0396 0.0650883 0.454568
0.044 0.061952 0.452672
0.0484 0.0588931 0.45066
0.0528 0.0559117 0.448532
0.0572 0.0530077 0.446288
0.0616 0.0501811 0.443928
0.066 0.047432 0.441452
0.0704 0.0447603 0.43886
0.0748 0.0421661 0.436151
0.0792 0.0396493 0.433326
0.0836 0.0372099 0.430385
0.088 0.034848 0.427328
0.0924 0.0325635 0.424155
0.0968 0.0303565 0.420865
0.1012 0.0282269 0.41746
0.1056 0.0261747 0.413938
0.11 0.0242 0.4103
0.1144 0.0223027 0.406546
0.1188 0.0204829 0.402676
0.1232 0.0187405 0.398689
0.1276 0.0170755 0.394587
0.132 0.015488 0.390368
0.1364 0.0139779 0.386033
0.1408 0.0125453 0.381582
0.1452 0.0111901 0.377015
0.1496 0.00991232 0.372332
0.154 0.008712 0.367532
0.1584 0.00758912 0.362616
0.1628 0.00654368 0.357584
0.1672 0.00557568 0.352436
0.1716 0.00468512 0.347172
0.176 0.003872 0.341792
0.1804 0.00313632 0.336296
0.1848 0.00247808 0.330683
0.1892 0.00189728 0.324954
0.1936 0.00139392 0.319109
0.198 0.000968 0.313148
0.2024 0.00061952 0.307071
0.2068 0.00034848 0.300877
0.2112 0.00015488 0.294568
0.2156 3.872e-05 0.288142
0.22 0 0.2816
0 0.08 0.44
0.004 0.076832 0.438752
0.008 0.073728 0.437408
0.012 0.070688 0.435968
0.016 0.067712 0.434432
0.02 0.0648 0.4328
0.024 0.061952 0.431072
0.028 0.059168 0.429248
0.032 0.056448 0.427328
0.036 0.053792 0.425312
0.04 0.0512 0.4232
0.044 0.048672 0.420992
0.048 0.046208 0.418688
0.052 0.043808 0.416288
0.056 0.041472 0.413792
0.06 0.0392 0.4112
0.064 0.036992 0.408512
0.068 0.034848 0.405728
0.072 0.032768 0.402848
0.076 0.030752 0.399872
0.08 0.0288 0.3968
0.084 0.026912 0.393632
0.088 0.025088 0.390368
0.092 0.023328 0.387008
0.096 0.021632 0.383552
0.1 0.02 0.38
0.104 0.018432 0.376352
0.108 0.016928 0.372608
0.112 0.015488 0.368768
0.116 0.014112 0.364832
0.12 0.0128 0.3608
0.124 0.011552 0.356672
0.128 0.010368 0.352448
0.132 0.009248 0.348128
0.136 0.008192 0.343712
0.14 0.0072 0.3392
0.144 0.006272 0.334592
0.148 0.005408 0.329888
0.152 0.004608 0.325088
0.156 0.003872 0.320192
0.16 0.0032 0.3152
0.164 0.002592 0.310112
0.168 0.002048 0.304928
0.172 0.001568 0.299648
0.176 0.001152 0.294272
0.18 0.0008 0.2888
0.184 0.000512 0.283232
0.188 0.000288 0.277568
0.192 0.000128 0.271808
0.196 3.2e-05 0.265952
0.2 0 0.26
0 0.0648 0.4104
0.0036 0.0622339 0.408849
0.0072 0.0597197 0.40722
0.0108 0.0572573 0.405514
0.0144 0.0548467 0.40373
0.018 0.052488 0.401868
0.0216 0.0501811 0.399928
0.0252 0.0479261 0.397911
0.0288 0.0457229 0.395816
0.0324 0.0435715 0.393643
0.036 0.041472 0.391392
0.0396 0.0394243 0.389064
0.0432 0.0374285 0.386657
0.0468 0.0354845 0.384173
0.0504 0.0335923 0.381612
0.054 0.031752 0.378972
0.0576 0.0299635 0.376255
0.0612 0.0282269 0.37346
0.0648 0.0265421 0.370587
0.0684 0.0249091 0.367636
0.072 0.023328 0.364608
0.0756 0.0217987 0.361502
0.0792 0.0203213 0.358318
0.0828 0.0188957 0.355056
0.0864 0.0175219 0.351717
0.09 0.0162 0.3483
0.0936 0.0149299 0.344805
0.0972 0.0137117 0.341232
0.1008 0.0125453 0.337582
0.1044 0.0114307 0.333854
0.108 0.010368 0.330048
0.1116 0.00935712 0.326164
0.1152 0.00839808 0.322203
0.1188 0.00749088 0.318164
0.1224 0.00663552 0.314047
0.126 0.005832 0.309852
0.1296 0.00508032 0.30558
0.1332 0.00438048 0.301229
0.1368 0.00373248 0.296801
0.1404 0.00313632 0.292296
0.144 0.002592 0.287712
0.1476 0.00209952 0.283051
0.1512 0.00165888 0.278312
0.1548 0.00127008 0.273495
0.1584 0.00093312 0.2686
0.162 0.000648 0.263628
0.1656 0.00041472 0.258578
0.1692 0.00023328 0.25345
0.1728 0.00010368 0.248244
0.1764 2.592e-05 0.242961
0.18 0 0.2376
0 0.0512 0.3776
0.0032 0.0491725 0.375841
0.0064 0.0471859 0.374021
0.0096 0.0452403 0.37214
0.0128 0.0433357 0.370196
0.016 0.041472 0.368192
0.0192 0.0396493 0.366126
0.0224 0.0378675 0.363999
0.0256 0.0361267 0.36181
0.0288 0.0344269 0.35956
0.032 0.032768 0.357248
0.0352 0.0311501 0.354875
0.0384 0.0295731 0.35244
0.0416 0.0280371 0.349944
0.0448 0.0265421 0.347387
0.048 0.025088 0.344768
0.0512 0.0236749 0.342088
0.0544 0.0223027 0.339346
0.0576 0.0209715 0.336543
0.0608 0.0196813 0.333678
0.064 0.018432 0.330752
0.0672 0.0172237 0.327764
0.0704 0.0160563 0.324716
0.0736 0.0149299 0.321605
0.0768 0.0138445 0.318433
0.08 0.0128 0.3152
0.0832 0.0117965 0.311905
0.0864 0.0108339 0.308549
0.0896 0.00991232 0.305132
0.0928 0.00903168 0.301652
0.096 0.008192 0.298112
0.0992 0.00739328 0.29451
0.1024 0.00663552 0.290847
0.1056 0.00591872 0.287122
0.1088 0.00524288 0.283336
0.112 0.004608 0.279488
0.1152 0.00401408 0.275579
0.1184 0.00346112 0.271608
0.1216 0.00294912 0.267576
0.1248 0.00247808 0.263483
0.128 0.002048 0.259328
0.1312 0.00165888 0.255112
0.1344 0.00131072 0.250834
0.1376 0.00100352 0.246495
0.1408 0.00073728 0.242094
0.144 0.000512 0.237632
0.1472 0.00032768 0.233108
0.1504 0.00018432 0.228524
0.1536 8.192e-05 0.223877
0.1568 2.048e-05 0.219169
0.16 0 0.2144
0 0.0392 0.3416
0.0028 0.0376477 0.339728
0.0056 0.0361267 0.33781
0.0084 0.0346371 0.335844
0.0112 0.0331789 0.333832
0.014 0.031752 0.331772
0.0168 0.0303565 0.329665
0.0196 0.0289923 0.327512
0.0224 0.0276595 0.325311
0.0252 0.0263581 0.323063
0.028 0.025088 0.320768
0.0308 0.0238493 0.318426
0.0336 0.0226419 0.316037
0.0364 0.0214659 0.313601
0.0392 0.0203213 0.311118
0.042 0.019208 0.308588
0.0448 0.0181261 0.306011
0.0476 0.0170755 0.303387
0.0504 0.0160563 0.300716
0.0532 0.0150685 0.297997
0.056 0.014112 0.295232
0.0588 0.0131869 0.29242
0.0616 0.0122931 0.28956
0.0644 0.0114307 0.286654
0.0672 0.0105997 0.2837
0.07 0.0098 0.2807
0.0728 0.00903168 0.277652
0.0756 0.00829472 0.274558
0.0784 0.00758912 0.271416
0.0812 0.00691488 0.268228
0.084 0.006272 0.264992
0.0868 0.00566048 0.261709
0.0896 0.00508032 0.25838
0.0924 0.00453152 0.255003
0.0952 0.00401408 0.251579
0.098 0.003528 0.248108
0.1008 0.00307328 0.24459
0.1036 0.00264992 0.241025
0.1064 0.00225792 0.237413
0.1092 0.00189728 0.233754
0.112 0.001568 0.230048
0.1148 0.00127008 0.226295
0.1176 0.00100352 0.222495
0.1204 0.00076832 0.218648
0.1232 0.00056448 0.214753
0.126 0.000392 0.210812
0.1288 0.00025088 0.206824
0.1316 0.00014112 0.202788
0.1344 6.272e-05 0.198706
0.1372 1.568e-05 0.194576
0.14 0 0.1904
0 0.0288 0.3024
0.0024 0.0276595 0.300511
0.0048 0.0265421 0.298587
0.0072 0.0254477 0.296628
0.0096 0.0243763 0.294636
0.012 0.023328 0.292608
0.0144 0.0223027 0.290546
0.0168 0.0213005 0.288449
0.0192 0.0203213 0.286318
0.0216 0.0193651 0.284152
0.024 0.018432 0.281952
0.0264 0.0175219 0.279717
0.0288 0.0166349 0.277448
0.0312 0.0157709 0.275144
0.0336 0.0149299 0.272805
0.036 0.014112 0.270432
0.0384 0.0133171 0.268024
0.0408 0.0125453 0.265582
0.0432 0.0117965 0.263105
0.0456 0.0110707 0.260594
0.048 0.010368 0.258048
0.0504 0.00968832 0.255468
0.0528 0.00903168 0.252852
0.0552 0.00839808 0.250203
0.0576 0.00778752 0.247519
0.06 0.0072 0.2448
0.0624 0.00663552 0.242047
0.0648 0.00609408 0.239259
0.0672 0.00557568 0.236436
0.0696 0.00508032 0.23358
0.072 0.004608 0.230688
0.0744 0.00415872 0.227762
0.0768 0.00373248 0.224801
0.0792 0.00332928 0.221806
0.0816 0.00294912 0.218776
0.084 0.002592 0.215712
0.0864 0.00225792 0.212613
0.0888 0.00194688 0.20948
0.0912 0.00165888 0.206312
0.0936 0.00139392 0.203109
0.096 0.001152 0.199872
0.0984 0.00093312 0.1966
0.1008 0.00073728 0.193294
0.1032 0.00056448 0.189953
0.1056 0.00041472 0.186578
0.108 0.000288 0.183168
0.1104 0.00018432 0.179724
0.1128 0.00010368 0.176244
0.1152 4.608e-05 0.172731
0.1176 1.152e-05 0.169183
0.12 0 0.1656
0 0.02 0.26
0.002 0.019208 0.258188
0.004 0.018432 0.256352
0.006 0.017672 0.254492
0.008 0.016928 0.252608
0.01 0.0162 0.2507
0.012 0.015488 0.248768
0.014 0.014792 0.246812
0.016 0.014112 0.244832
0.018 0.013448 0.242828
0.02 0.0128 0.2408
0.022 0.012168 0.238748
0.024 0.011552 0.236672
0.026 0.010952 0.234572
0.028 0.010368 0.232448
0.03 0.0098 0.2303
0.032 0.009248 0.228128
0.034 0.008712 0.225932
0.036 0.008192 0.223712
0.038 0.007688 0.221468
0.04 0.0072 0.2192
0.042 0.006728 0.216908
0.044 0.006272 0.214592
0.046 0.005832 0.212252
0.048 0.005408 0.209888
0.05 0.005 0.2075
0.052 0.004608 0.205088
0.054 0.004232 0.202652
0.056 0.003872 0.200192
0.058 0.003528 0.197708
0.06 0.0032 0.1952
0.062 0.002888 0.192668
0.064 0.002592 0.190112
0.066 0.002312 0.187532
0.068 0.002048 0.184928
0.07 0.0018 0.1823
0.072 0.001568 0.179648
0.074 0.001352 0.176972
0.076 0.001152 0.174272
0.078 0.000968 0.171548
0.08 0.0008 0.1688
0.082 0.000648 0.166028
0.084 0.000512 0.163232
0.086 0.000392 0.160412
0.088 0.000288 0.157568
0.09 0.0002 0.1547
0.092 0.000128 0.151808
0.094 7.2e-05 0.148892
0.096 3.2e-05 0.145952
0.098 8e-06 0.142988
0.1 0 0.14
0 0.0128 0.2144
0.0016 0.0122931 0.21276
0.0032 0.0117965 0.211105
0.0048 0.0113101 0.209435
0.0064 0.0108339 0.207749
0.008 0.010368 0.206048
0.0096 0.00991232 0.204332
0.0112 0.00946688 0.2026
0.0128 0.00903168 0.200852
0.0144 0.00860672 0.19909
0.016 0.008192 0.197312
0.0176 0.00778752 0.195519
0.0192 0.00739328 0.19371
0.0208 0.00700928 0.191886
0.0224 0.00663552 0.190047
0.024 0.006272 0.188192
0.0256 0.00591872 0.186322
0.0272 0.00557568 0.184436
0.0288 0.00524288 0.182536
0.0304 0.00492032 0.18062
0.032 0.004608 0.178688
0.0336 0.00430592 0.176741
0.0352 0.00401408 0.174779
0.0368 0.00373248 0.172801
0.0384 0.00346112 0.170808
0.04 0.0032 0.1688
0.0416 0.00294912 0.166776
0.0432 0.00270848 0.164737
0.0448 0.00247808 0.162683
0.0464 0.00225792 0.160613
0.048 0.002048 0.158528
0.0496 0.00184832 0.156428
0.0512 0.00165888 0.154312
0.0528 0.00147968 0.15218
0.0544 0.00131072 0.150034
0.056 0.001152 0.147872
0.0576 0.00100352 0.145695
0.0592 0.00086528 0.143502
0.0608 0.00073728 0.141294
0.0624 0.00061952 0.139071
0.064 0.000512 0.136832
0.0656 0.00041472 0.134578
0.0672 0.00032768 0.132308
0.0688 0.00025088 0.130024
0.0704 0.00018432 0.127724
0.072 0.000128 0.125408
0.0736 8.192e-05 0.123077
0.0752 4.608e-05 0.120731
0.0768 2.048e-05 0.118369
0.0784 5.12e-06 0.115992
0.08 0 0.1136
0 0.0072 0.1656
0.0012 0.00691488 0.164228
0.0024 0.00663552 0.162847
0.0036 0.00636192 0.161457
0.0048 0.00609408 0.160059
0.006 0.005832 0.158652
0.0072 0.00557568 0.157236
0.0084 0.00532512 0.155812
0.0096 0.00508032 0.15438
0.0108 0.00484128 0.152938
0.012 0.004608 0.151488
0.0132 0.00438048 0.150029
0.0144 0.00415872 0.148562
0.0156 0.00394272 0.147086
0.0168 0.00373248 0.145601
0.018 0.003528 0.144108
0.0192 0.00332928 0.142606
0.0204 0.00313632 0.141096
0.0216 0.00294912 0.139576
0.0228 0.00276768 0.138048
0.024 0.002592 0.136512
0.0252 0.00242208 0.134967
0.0264 0.00225792 0.133413
0.0276 0.00209952 0.131851
0.0288 0.00194688 0.13028
0.03 0.0018 0.1287
0.0312 0.00165888 0.127112
0.0324 0.00152352 0.125515
0.0336 0.00139392 0.123909
0.0348 0.00127008 0.122295
0.036 0.001152 0.120672
0.0372 0.00103968 0.11904
0.0384 0.00093312 0.1174
0.0396 0.00083232 0.115752
0.0408 0.00073728 0.114094
0.042 0.000648 0.112428
0.0432 0.00056448 0.110753
0.0444 0.00048672 0.10907
0.0456 0.00041472 0.107378
0.0468 0.00034848 0.105677
0.048 0.000288 0.103968
0.0492 0.00023328 0.10225
0.0504 0.00018432 0.100524
0.0516 0.00014112 0.0987883
0.0528 0.00010368 0.0970445
0.054 7.2e-05 0.095292
0.0552 4.608e-05 0.0935309
0.0564 2.592e-05 0.0917611
0.0576 1.152e-05 0.0899827
0.0588 2.88e-06 0.0881957
0.06 0 0.0864
0 0.0032 0.1136
0.0008 0.00307328 0.11259
0.0016 0.00294912 0.111576
0.0024 0.00282752 0.110559
0.0032 0.00270848 0.109537
0.004 0.002592 0.108512
0.0048 0.00247808 0.107483
0.0056 0.00236672 0.10645
0.0064 0.00225792 0.105413
0.0072 0.00215168 0.104372
0.008 0.002048 0.103328
0.0088 0.00194688 0.10228
0.0096 0.00184832 0.101228
0.0104 0.00175232 0.100172
0.0112 0.00165888 0.0991117
0.012 0.001568 0.098048
0.0128 0.00147968 0.0969805
0.0136 0.00139392 0.0959091
0.0144 0.00131072 0.0948339
0.0152 0.00123008 0.0937549
0.016 0.001152 0.092672
0.0168 0.00107648 0.0915853
0.0176 0.00100352 0.0904947
0.0184 0.00093312 0.0894003
0.0192 0.00086528 0.0883021
0.02 0.0008 0.0872
0.0208 0.00073728 0.0860941
0.0216 0.00067712 0.0849843
0.0224 0.00061952 0.0838707
0.0232 0.00056448 0.0827533
0.024 0.000512 0.081632
0.0248 0.00046208 0.0805069
0.0256 0.00041472 0.0793779
0.0264 0.00036992 0.0782451
0.0272 0.00032768 0.0771085
0.028 0.000288 0.075968
0.0288 0.00025088 0.0748237
0.0296 0.00021632 0.0736755
0.0304 0.00018432 0.0725235
0.0312 0.00015488 0.0713677
0.032 0.000128 0.070208
0.0328 0.00010368 0.0690445
0.0336 8.192e-05 0.0678771
0.0344 6.272e-05 0.0667059
0.0352 4.608e-05 0.0655309
0.036 3.2e-05 0.064352
0.0368 2.048e-05 0.0631693
0.0376 1.152e-05 0.0619827
0.0384 5.12e-06 0.0607923
0.0392 1.28e-06 0.0595981
0.04 0 0.0584
0 0.0008 0.0584
0.0004 0.00076832 0.0578475
0.0008 0.00073728 0.0572941
0.0012 0.00070688 0.0567397
0.0016 0.00067712 0.0561843
0.002 0.000648 0.055628
0.0024 0.00061952 0.0550707
0.0028 0.00059168 0.0545125
0.0032 0.00056448 0.0539533
0.0036 0.00053792 0.0533931
0.004 0.000512 0.052832
0.0044 0.00048672 0.0522699
0.0048 0.00046208 0.0517069
0.0052 0.00043808 0.0511429
0.0056 0.00041472 0.0505779
0.006 0.000392 0.050012
0.0064 0.00036992 0.0494451
0.0068 0.00034848 0.0488773
0.0072 0.00032768 0.0483085
0.0076 0.00030752 0.0477387
0.008 0.000288 0.047168
0.0084 0.00026912 0.0465963
0.0088 0.00025088 0.0460237
0.0092 0.00023328 0.0454501
0.0096 0.00021632 0.0448755
0.01 0.0002 0.0443
0.0104 0.00018432 0.0437235
0.0108 0.00016928 0.0431461
0.0112 0.00015488 0.0425677
0.0116 0.00014112 0.0419883
0.012 0.000128 0.041408
0.0124 0.00011552 0.0408267
0.0128 0.00010368 0.0402445
0.0132 9.248e-05 0.0396613
0.0136 8.192e-05 0.0390771
0.014 7.2e-05 0.038492
0.0144 6.272e-05 0.0379059
0.0148 5.408e-05 0.0373189
0.0152 4.608e-05 0.0367309
0.0156 3.872e-05 0.0361419
0.016 3.2e-05 0.035552
0.0164 2.592e-05 0.0349611
0.0168 2.048e-05 0.0343693
0.0172 1.568e-05 0.0337765
0.0176 1.152e-05 0.0331827
0.018 8e-06 0.032588
0.0184 5.12e-06 0.0319923
0.0188 2.88e-06 0.0313957
0.0192 1.28e-06 0.0307981
0.0196 3.2e-07 0.0301995
0.02 0 0.0296
0 0 0
0 0 0
0 0 0
0 0 0
0 0 0
0 0 0
0 0 0
0 0 0
0 0 0
0 0 0
0 0 0
0 0 0
0 0 0
0 0 0
0 0 0
0 0 0
0 0 0
0 0 0
0 0 0
0 0 0
0 0 0
0 0 0
0 0 0
0 0 0
0 0 0
0 0 0
0 0 0
0 0 0
0 0 0
0 0 0
0 0 0
0 0 0
0 0 0
0 0 0
0 0 0
0 0 0
0 0 0
0 0 0
0 0 0
0 0 0
0 0 0
0 0 0
0 0 0
0 0 0
0 0 0
0 0 0
0 0 0
0 0 0
0 0 0
0 0 0
0 0 0
