-10 -10 0 2.45702e-08
-10 -9 0 1.82417e-08
-10 -8 0 1.35893e-08
-10 -7 0 1.02044e-08
-10 -6 0 7.76839e-09
-10 -5 0 6.0375e-09
-10 -4 0 4.8288e-09
-10 -3 0 4.00874e-09
-10 -2 0 3.48351e-09
-10 -1 0 3.19149e-09
-10 0 0 3.0979e-09
-10 1 0 3.19149e-09
-10 2 0 3.48351e-09
-10 3 0 4.00874e-09
-10 4 0 4.8288e-09
-10 5 0 6.0375e-09
-10 6 0 7.76839e-09
-10 7 0 1.02044e-08
-10 8 0 1.35893e-08
-10 9 0 1.82417e-08
-10 10 0 2.45702e-08
-9 -10 0 1.82417e-08
-9 -9 0 1.31004e-08
-9 -8 0 9.40764e-09
-9 -7 0 6.78843e-09
-9 -6 0 4.95434e-09
-9 -5 0 3.68773e-09
-9 -4 0 2.82811e-09
-9 -3 0 2.26033e-09
-9 -2 0 1.90498e-09
-9 -1 0 1.71075e-09
-9 0 0 1.64907e-09
-9 1 0 1.71075e-09
-9 2 0 1.90498e-09
-9 3 0 2.26033e-09
-9 4 0 2.82811e-09
-9 5 0 3.68773e-09
-9 6 0 4.95434e-09
-9 7 0 6.78843e-09
-9 8 0 9.40764e-09
-9 9 0 1.31004e-08
-9 10 0 1.82417e-08
-8 -10 0 1.35893e-08
-8 -9 0 9.40764e-09
-8 -8 0 6.48104e-09
-8 -7 0 4.46492e-09
-8 -6 0 3.0979e-09
-8 -5 0 2.18601e-09
-8 -4 0 1.58888e-09
-8 -3 0 1.20796e-09
-8 -2 0 9.76789e-10
-8 -1 0 8.5335e-10
-8 0 0 8.14639e-10
-8 1 0 8.5335e-10
-8 2 0 9.76789e-10
-8 3 0 1.20796e-09
-8 4 0 1.58888e-09
-8 5 0 2.18601e-09
-8 6 0 3.0979e-09
-8 7 0 4.46492e-09
-8 8 0 6.48104e-09
-8 9 0 9.40764e-09
-8 10 0 1.35893e-08
-7 -10 0 1.02044e-08
-7 -9 0 6.78843e-09
-7 -8 0 4.46492e-09
-7 -7 0 2.91622e-09
-7 -6 0 1.90498e-09
-7 -5 0 1.25818e-09
-7 -4 0 8.5335e-10
-7 -3 0 6.06647e-10
-7 -2 0 4.63093e-10
-7 -1 0 3.88924e-10
-7 0 0 3.66084e-10
-7 1 0 3.88924e-10
-7 2 0 4.63093e-10
-7 3 0 6.06647e-10
-7 4 0 8.5335e-10
-7 5 0 1.25818e-09
-7 6 0 1.90498e-09
-7 7 0 2.91622e-09
-7 8 0 4.46492e-09
-7 9 0 6.78843e-09
-7 10 0 1.02044e-08
-6 -10 0 7.76839e-09
-6 -9 0 4.95434e-09
-6 -8 0 3.0979e-09
-6 -7 0 1.90498e-09
-6 -6 0 1.1591e-09
-6 -5 0 7.0555e-10
-6 -4 0 4.3741e-10
-6 -3 0 2.83649e-10
-6 -2 0 1.99303e-10
-6 -1 0 1.5778e-10
-6 0 0 1.45342e-10
-6 1 0 1.5778e-10
-6 2 0 1.99303e-10
-6 3 0 2.83649e-10
-6 4 0 4.3741e-10
-6 5 0 7.0555e-10
-6 6 0 1.1591e-09
-6 7 0 1.90498e-09
-6 8 0 3.0979e-09
-6 9 0 4.95434e-09
-6 10 0 7.76839e-09
-5 -10 0 6.0375e-09
-5 -9 0 3.68773e-09
-5 -8 0 2.18601e-09
-5 -7 0 1.25818e-09
-5 -6 0 7.0555e-10
-5 -5 0 3.88924e-10
-5 -4 0 2.14608e-10
-5 -3 0 1.22461e-10
-5 -2 0 7.60227e-11
-5 -1 0 5.48003e-11
-5 0 0 4.87216e-11
-5 1 0 5.48003e-11
-5 2 0 7.60227e-11
-5 3 0 1.22461e-10
-5 4 0 2.14608e-10
-5 5 0 3.88924e-10
-5 6 0 7.0555e-10
-5 7 0 1.25818e-09
-5 8 0 2.18601e-09
-5 9 0 3.68773e-09
-5 10 0 6.0375e-09
-4 -10 0 4.8288e-09
-4 -9 0 2.82811e-09
-4 -8 0 1.58888e-09
-4 -7 0 8.5335e-10
-4 -6 0 4.3741e-10
-4 -5 0 2.14608e-10
-4 -4 0 1.02114e-10
-4 -3 0 4.87216e-11
-4 -2 0 2.49563e-11
-4 -1 0 1.53303e-11
-4 0 0 1.27821e-11
-4 1 0 1.53303e-11
-4 2 0 2.49563e-11
-4 3 0 4.87216e-11
-4 4 0 1.02114e-10
-4 5 0 2.14608e-10
-4 6 0 4.3741e-10
-4 7 0 8.5335e-10
-4 8 0 1.58888e-09
-4 9 0 2.82811e-09
-4 10 0 4.8288e-09
-3 -10 0 4.00874e-09
-3 -9 0 2.26033e-09
-3 -8 0 1.20796e-09
-3 -7 0 6.06647e-10
-3 -6 0 2.83649e-10
-3 -5 0 1.22461e-10
-3 -4 0 4.87216e-11
-3 -3 0 1.81963e-11
-3 -2 0 6.85783e-12
-3 -1 0 3.12227e-12
-3 0 0 2.27633e-12
-3 1 0 3.12227e-12
-3 2 0 6.85783e-12
-3 3 0 1.81963e-11
-3 4 0 4.87216e-11
-3 5 0 1.22461e-10
-3 6 0 2.83649e-10
-3 7 0 6.06647e-10
-3 8 0 1.20796e-09
-3 9 0 2.26033e-09
-3 10 0 4.00874e-09
-2 -10 0 3.48351e-09
-2 -9 0 1.90498e-09
-2 -8 0 9.76789e-10
-2 -7 0 4.63093e-10
-2 -6 0 1.99303e-10
-2 -5 0 7.60227e-11
-2 -4 0 2.49563e-11
-2 -3 0 6.85783e-12
-2 -2 0 1.59888e-12
-2 -1 0 3.90453e-13
-2 0 0 1.99929e-13
-2 1 0 3.90453e-13
-2 2 0 1.59888e-12
-2 3 0 6.85783e-12
-2 4 0 2.49563e-11
-2 5 0 7.60227e-11
-2 6 0 1.99303e-10
-2 7 0 4.63093e-10
-2 8 0 9.76789e-10
-2 9 0 1.90498e-09
-2 10 0 3.48351e-09
-1 -10 0 3.19149e-09
-1 -9 0 1.71075e-09
-1 -8 0 8.5335e-10
-1 -7 0 3.88924e-10
-1 -6 0 1.5778e-10
-1 -5 0 5.48003e-11
-1 -4 0 1.53303e-11
-1 -3 0 3.12227e-12
-1 -2 0 3.90453e-13
-1 -1 0 2.49974e-14
-1 0 0 3.12424e-15
-1 1 0 2.49974e-14
-1 2 0 3.90453e-13
-1 3 0 3.12227e-12
-1 4 0 1.53303e-11
-1 5 0 5.48003e-11
-1 6 0 1.5778e-10
-1 7 0 3.88924e-10
-1 8 0 8.5335e-10
-1 9 0 1.71075e-09
-1 10 0 3.19149e-09
0 -10 0 3.0979e-09
0 -9 0 1.64907e-09
0 -8 0 8.14639e-10
0 -7 0 3.66084e-10
0 -6 0 1.45342e-10
0 -5 0 4.87216e-11
0 -4 0 1.27821e-11
0 -3 0 2.27633e-12
0 -2 0 1.99929e-13
0 -1 0 3.12424e-15
0 0 0 0
0 1 0 3.12424e-15
0 2 0 1.99929e-13
0 3 0 2.27633e-12
0 4 0 1.27821e-11
0 5 0 4.87216e-11
0 6 0 1.45342e-10
0 7 0 3.66084e-10
0 8 0 8.14639e-10
0 9 0 1.64907e-09
0 10 0 3.0979e-09
1 -10 0 3.19149e-09
1 -9 0 1.71075e-09
1 -8 0 8.5335e-10
1 -7 0 3.88924e-10
1 -6 0 1.5778e-10
1 -5 0 5.48003e-11
1 -4 0 1.53303e-11
1 -3 0 3.12227e-12
1 -2 0 3.90453e-13
1 -1 0 2.49974e-14
1 0 0 3.12424e-15
1 1 0 2.49974e-14
1 2 0 3.90453e-13
1 3 0 3.12227e-12
1 4 0 1.53303e-11
1 5 0 5.48003e-11
1 6 0 1.5778e-10
1 7 0 3.88924e-10
1 8 0 8.5335e-10
1 9 0 1.71075e-09
1 10 0 3.19149e-09
2 -10 0 3.48351e-09
2 -9 0 1.90498e-09
2 -8 0 9.76789e-10
2 -7 0 4.63093e-10
2 -6 0 1.99303e-10
2 -5 0 7.60227e-11
2 -4 0 2.49563e-11
2 -3 0 6.85783e-12
2 -2 0 1.59888e-12
2 -1 0 3.90453e-13
2 0 0 1.99929e-13
2 1 0 3.90453e-13
2 2 0 1.59888e-12
2 3 0 6.85783e-12
2 4 0 2.49563e-11
2 5 0 7.60227e-11
2 6 0 1.99303e-10
2 7 0 4.63093e-10
2 8 0 9.76789e-10
2 9 0 1.90498e-09
2 10 0 3.48351e-09
3 -10 0 4.00874e-09
3 -9 0 2.26033e-09
3 -8 0 1.20796e-09
3 -7 0 6.06647e-10
3 -6 0 2.83649e-10
3 -5 0 1.22461e-10
3 -4 0 4.87216e-11
3 -3 0 1.81963e-11
3 -2 0 6.85783e-12
3 -1 0 3.12227e-12
3 0 0 2.27633e-12
3 1 0 3.12227e-12
3 2 0 6.85783e-12
3 3 0 1.81963e-11
3 4 0 4.87216e-11
3 5 0 1.22461e-10
3 6 0 2.83649e-10
3 7 0 6.06647e-10
3 8 0 1.20796e-09
3 9 0 2.26033e-09
3 10 0 4.00874e-09
4 -10 0 4.8288e-09
4 -9 0 2.82811e-09
4 -8 0 1.58888e-09
4 -7 0 8.5335e-10
4 -6 0 4.3741e-10
4 -5 0 2.14608e-10
4 -4 0 1.02114e-10
4 -3 0 4.87216e-11
4 -2 0 2.49563e-11
4 -1 0 1.53303e-11
4 0 0 1.27821e-11
4 1 0 1.53303e-11
4 2 0 2.49563e-11
4 3 0 4.87216e-11
4 4 0 1.02114e-10
4 5 0 2.14608e-10
4 6 0 4.3741e-10
4 7 0 8.5335e-10
4 8 0 1.58888e-09
4 9 0 2.82811e-09
4 10 0 4.8288e-09
5 -10 0 6.0375e-09
5 -9 0 3.68773e-09
5 -8 0 2.18601e-09
5 -7 0 1.25818e-09
5 -6 0 7.0555e-10
5 -5 0 3.88924e-10
5 -4 0 2.14608e-10
5 -3 0 1.22461e-10
5 -2 0 7.60227e-11
5 -1 0 5.48003e-11
5 0 0 4.87216e-11
5 1 0 5.48003e-11
5 2 0 7.60227e-11
5 3 0 1.22461e-10
5 4 0 2.14608e-10
5 5 0 3.88924e-10
5 6 0 7.0555e-10
5 7 0 1.25818e-09
5 8 0 2.18601e-09
5 9 0 3.68773e-09
5 10 0 6.0375e-09
6 -10 0 7.76839e-09
6 -9 0 4.95434e-09
6 -8 0 3.0979e-09
6 -7 0 1.90498e-09
6 -6 0 1.1591e-09
6 -5 0 7.0555e-10
6 -4 0 4.3741e-10
6 -3 0 2.83649e-10
6 -2 0 1.99303e-10
6 -1 0 1.5778e-10
6 0 0 1.45342e-10
6 1 0 1.5778e-10
6 2 0 1.99303e-10
6 3 0 2.83649e-10
6 4 0 4.3741e-10
6 5 0 7.0555e-10
6 6 0 1.1591e-09
6 7 0 1.90498e-09
6 8 0 3.0979e-09
6 9 0 4.95434e-09
6 10 0 7.76839e-09
7 -10 0 1.02044e-08
7 -9 0 6.78843e-09
7 -8 0 4.46492e-09
7 -7 0 2.91622e-09
7 -6 0 1.90498e-09
7 -5 0 1.25818e-09
7 -4 0 8.5335e-10
7 -3 0 6.06647e-10
7 -2 0 4.63093e-10
7 -1 0 3.88924e-10
7 0 0 3.66084e-10
7 1 0 3.88924e-10
7 2 0 4.63093e-10
7 3 0 6.06647e-10
7 4 0 8.5335e-10
7 5 0 1.25818e-09
7 6 0 1.90498e-09
7 7 0 2.91622e-09
7 8 0 4.46492e-09
7 9 0 6.78843e-09
7 10 0 1.02044e-08
8 -10 0 1.35893e-08
8 -9 0 9.40764e-09
8 -8 0 6.48104e-09
8 -7 0 4.46492e-09
8 -6 0 3.0979e-09
8 -5 0 2.18601e-09
8 -4 0 1.58888e-09
8 -3 0 1.20796e-09
8 -2 0 9.76789e-10
8 -1 0 8.5335e-10
8 0 0 8.14639e-10
8 1 0 8.5335e-10
8 2 0 9.76789e-10
8 3 0 1.20796e-09
8 4 0 1.58888e-09
8 5 0 2.18601e-09
8 6 0 3.0979e-09
8 7 0 4.46492e-09
8 8 0 6.48104e-09
8 9 0 9.40764e-09
8 10 0 1.35893e-08
9 -10 0 1.82417e-08
9 -9 0 1.31004e-08
9 -8 0 9.40764e-09
9 -7 0 6.78843e-09
9 -6 0 4.95434e-09
9 -5 0 3.68773e-09
9 -4 0 2.82811e-09
9 -3 0 2.26033e-09
9 -2 0 1.90498e-09
9 -1 0 1.71075e-09
9 0 0 1.64907e-09
9 1 0 1.71075e-09
9 2 0 1.90498e-09
9 3 0 2.26033e-09
9 4 0 2.82811e-09
9 5 0 3.68773e-09
9 6 0 4.95434e-09
9 7 0 6.78843e-09
9 8 0 9.40764e-09
9 9 0 1.31004e-08
9 10 0 1.82417e-08
10 -10 0 2.45702e-08
10 -9 0 1.82417e-08
10 -8 0 1.35893e-08
10 -7 0 1.02044e-08
10 -6 0 7.76839e-09
10 -5 0 6.0375e-09
10 -4 0 4.8288e-09
10 -3 0 4.00874e-09
10 -2 0 3.48351e-09
10 -1 0 3.19149e-09
10 0 0 3.0979e-09
10 1 0 3.19149e-09
10 2 0 3.48351e-09
10 3 0 4.00874e-09
10 4 0 4.8288e-09
10 5 0 6.0375e-09
10 6 0 7.76839e-09
10 7 0 1.02044e-08
10 8 0 1.35893e-08
10 9 0 1.82417e-08
10 10 0 2.45702e-08
