-1 0 0
-0.96 0.000325949 1.78213e-06
-0.92 0.00260759 5.70281e-05
-0.88 0.00880063 0.000433057
-0.84 0.0208608 0.0018249
-0.8 0.0407437 0.00556915
-0.76 0.0704051 0.0138578
-0.72 0.111801 0.0299522
-0.68 0.166886 0.0583968
-0.64 0.237617 0.105231
-0.6 0.325949 0.178075
-0.56 0.433839 0.285572
-0.52 0.56324 0.436364
-0.48 0.715948 0.638026
-0.44 0.890005 0.895993
-0.4 1.07971 1.21249
-0.36 1.27919 1.58548
-0.32 1.48258 2.00755
-0.28 1.68402 2.46501
-0.24 1.87763 2.93807
-0.2 2.05756 3.40268
-0.16 2.21792 3.83264
-0.12 2.35287 4.20174
-0.08 2.45652 4.48594
-0.04 2.52301 4.66545
2.08167e-17 2.54648 4.7269
0.04 2.52301 4.66545
0.08 2.45652 4.48594
0.12 2.35287 4.20174
0.16 2.21792 3.83264
0.2 2.05756 3.40268
0.24 1.87763 2.93807
0.28 1.68402 2.46501
0.32 1.48258 2.00755
0.36 1.27919 1.58548
0.4 1.07971 1.21249
0.44 0.890005 0.895993
0.48 0.715948 0.638026
0.52 0.56324 0.436364
0.56 0.433839 0.285572
0.6 0.325949 0.178075
0.64 0.237617 0.105231
0.68 0.166886 0.0583968
0.72 0.111801 0.0299522
0.76 0.0704051 0.0138578
0.8 0.0407437 0.00556915
0.84 0.0208608 0.0018249
0.88 0.00880063 0.000433057
0.92 0.00260759 5.70281e-05
0.96 0.000325949 1.78213e-06
1 0 0
