-2 -2 0
-2 -1.84 0
-2 -1.68 0
-2 -1.52 0
-2 -1.36 0
-2 -1.2 0
-2 -1.04 0
-2 -0.88 0
-2 -0.72 0
-2 -0.56 0
-2 -0.4 0
-2 -0.24 0
-2 -0.08 0
-2 0.08 0
-2 0.24 0
-2 0.4 0
-2 0.56 0
-2 0.72 0
-2 0.88 0
-2 1.04 0
-2 1.2 0
-2 1.36 0
-2 1.52 0
-2 1.68 0
-2 1.84 0
-2 2 0

-1.84 -2 0
-1.84 -1.84 0
-1.84 -1.68 0
-1.84 -1.52 0
-1.84 -1.36 0
-1.84 -1.2 0
-1.84 -1.04 0
-1.84 -0.88 0
-1.84 -0.72 -1.16952e-07
-1.84 -0.56 -1.22134e-05
-1.84 -0.4 -6.77093e-05
-1.84 -0.24 -0.00015935
-1.84 -0.08 -0.000231566
-1.84 0.08 -0.000231566
-1.84 0.24 -0.00015935
-1.84 0.4 -6.77093e-05
-1.84 0.56 -1.22134e-05
-1.84 0.72 -1.16952e-07
-1.84 0.88 0
-1.84 1.04 0
-1.84 1.2 0
-1.84 1.36 0
-1.84 1.52 0
-1.84 1.68 0
-1.84 1.84 0
-1.84 2 0

-1.68 -2 0
-1.68 -1.84 0
-1.68 -1.68 0
-1.68 -1.52 0
-1.68 -1.36 0
-1.68 -1.2 0
-1.68 -1.04 -1.16952e-07
-1.68 -0.88 -4.10974e-05
-1.68 -0.72 -0.000327154
-1.68 -0.56 -0.00105803
-1.68 -0.4 -0.00218778
-1.68 -0.24 -0.00337404
-1.68 -0.08 -0.0041384
-1.68 0.08 -0.0041384
-1.68 0.24 -0.00337404
-1.68 0.4 -0.00218778
-1.68 0.56 -0.00105803
-1.68 0.72 -0.000327154
-1.68 0.88 -4.10974e-05
-1.68 1.04 -1.16952e-07
-1.68 1.2 0
-1.68 1.36 0
-1.68 1.52 0
-1.68 1.68 0
-1.68 1.84 0
-1.68 2 0

-1.52 -2 0
-1.52 -1.84 0
-1.52 -1.68 0
-1.52 -1.52 0
-1.52 -1.36 0
-1.52 -1.2 -5.67356e-06
-1.52 -1.04 -0.000231566
-1.52 -0.88 -0.00136389
-1.52 -0.72 -0.0041384
-1.52 -0.56 -0.00876225
-1.52 -0.4 -0.014548
-1.52 -0.24 -0.0199825
-1.52 -0.08 -0.0232964
-1.52 0.08 -0.0232964
-1.52 0.24 -0.0199825
-1.52 0.4 -0.014548
-1.52 0.56 -0.00876225
-1.52 0.72 -0.0041384
-1.52 0.88 -0.00136389
-1.52 1.04 -0.000231566
-1.52 1.2 -5.67356e-06
-1.52 1.36 0
-1.52 1.52 0
-1.52 1.68 0
-1.52 1.84 0
-1.52 2 0

-1.36 -2 0
-1.36 -1.84 0
-1.36 -1.68 0
-1.36 -1.52 0
-1.36 -1.36 -1.22134e-05
-1.36 -1.2 -0.000451275
-1.36 -1.04 -0.00272895
-1.36 -0.88 -0.00876225
-1.36 -0.72 -0.0199825
-1.36 -0.56 -0.0362567
-1.36 -0.4 -0.055172
-1.36 -0.24 -0.0722643
-1.36 -0.08 -0.0824968
-1.36 0.08 -0.0824968
-1.36 0.24 -0.0722643
-1.36 0.4 -0.055172
-1.36 0.56 -0.0362567
-1.36 0.72 -0.0199825
-1.36 0.88 -0.00876225
-1.36 1.04 -0.00272895
-1.36 1.2 -0.000451275
-1.36 1.36 -1.22134e-05
-1.36 1.52 0
-1.36 1.68 0
-1.36 1.84 0
-1.36 2 0

-1.2 -2 0
-1.2 -1.84 0
-1.2 -1.68 0
-1.2 -1.52 -5.67356e-06
-1.2 -1.36 -0.000451275
-1.2 -1.2 -0.00337404
-1.2 -1.04 -0.0123407
-1.2 -0.88 -0.0313732
-1.2 -0.72 -0.0631986
-1.2 -0.56 -0.107057
-1.2 -0.4 -0.156857
-1.2 -0.24 -0.201205
-1.2 -0.08 -0.227477
-1.2 0.08 -0.227477
-1.2 0.24 -0.201205
-1.2 0.4 -0.156857
-1.2 0.56 -0.107057
-1.2 0.72 -0.0631986
-1.2 0.88 -0.0313732
-1.2 1.04 -0.0123407
-1.2 1.2 -0.00337404
-1.2 1.36 -0.000451275
-1.2 1.52 -5.67356e-06
-1.2 1.68 0
-1.2 1.84 0
-1.2 2 0

-1.04 -2 0
-1.04 -1.84 0
-1.04 -1.68 -1.16952e-07
-1.04 -1.52 -0.000231566
-1.04 -1.36 -0.00272895
-1.04 -1.2 -0.0123407
-1.04 -1.04 -0.0362567
-1.04 -0.88 -0.0824968
-1.04 -0.72 -0.156857
-1.04 -0.56 -0.256865
-1.04 -0.4 -0.367071
-1.04 -0.24 -0.462821
-1.04 -0.08 -0.518755
-1.04 0.08 -0.518755
-1.04 0.24 -0.462821
-1.04 0.4 -0.367071
-1.04 0.56 -0.256865
-1.04 0.72 -0.156857
-1.04 0.88 -0.0824968
-1.04 1.04 -0.0362567
-1.04 1.2 -0.0123407
-1.04 1.36 -0.00272895
-1.04 1.52 -0.000231566
-1.04 1.68 -1.16952e-07
-1.04 1.84 0
-1.04 2 0

-0.88 -2 0
-0.88 -1.84 0
-0.88 -1.68 -4.10974e-05
-0.88 -1.52 -0.00136389
-0.88 -1.36 -0.00876225
-0.88 -1.2 -0.0313732
-0.88 -1.04 -0.0824968
-0.88 -0.88 -0.177755
-0.88 -0.72 -0.326297
-0.88 -0.56 -0.518755
-0.88 -0.4 -0.725632
-0.88 -0.24 -0.903089
-0.88 -0.08 -1.00619
-0.88 0.08 -1.00619
-0.88 0.24 -0.903089
-0.88 0.4 -0.725632
-0.88 0.56 -0.518755
-0.88 0.72 -0.326297
-0.88 0.88 -0.177755
-0.88 1.04 -0.0824968
-0.88 1.2 -0.0313732
-0.88 1.36 -0.00876225
-0.88 1.52 -0.00136389
-0.88 1.68 -4.10974e-05
-0.88 1.84 0
-0.88 2 0

-0.72 -2 0
-0.72 -1.84 -1.16952e-07
-0.72 -1.68 -0.000327154
-0.72 -1.52 -0.0041384
-0.72 -1.36 -0.0199825
-0.72 -1.2 -0.0631986
-0.72 -1.04 -0.156857
-0.72 -0.88 -0.326297
-0.72 -0.72 -0.580784
-0.72 -0.56 -0.903089
-0.72 -0.4 -1.24633
-0.72 -0.24 -1.53995
-0.72 -0.08 -1.71037
-0.72 0.08 -1.71037
-0.72 0.24 -1.53995
-0.72 0.4 -1.24633
-0.72 0.56 -0.903089
-0.72 0.72 -0.580784
-0.72 0.88 -0.326297
-0.72 1.04 -0.156857
-0.72 1.2 -0.0631986
-0.72 1.36 -0.0199825
-0.72 1.52 -0.0041384
-0.72 1.68 -0.000327154
-0.72 1.84 -1.16952e-07
-0.72 2 0

-0.56 -2 0
-0.56 -1.84 -1.22134e-05
-0.56 -1.68 -0.00105803
-0.56 -1.52 -0.00876225
-0.56 -1.36 -0.0362567
-0.56 -1.2 -0.107057
-0.56 -1.04 -0.256865
-0.56 -0.88 -0.518755
-0.56 -0.72 -0.903089
-0.56 -0.56 -1.38577
-0.56 -0.4 -1.89859
-0.56 -0.24 -2.33418
-0.56 -0.08 -2.58423
-0.56 0.08 -2.58423
-0.56 0.24 -2.33418
-0.56 0.4 -1.89859
-0.56 0.56 -1.38577
-0.56 0.72 -0.903089
-0.56 0.88 -0.518755
-0.56 1.04 -0.256865
-0.56 1.2 -0.107057
-0.56 1.36 -0.0362567
-0.56 1.52 -0.00876225
-0.56 1.68 -0.00105803
-0.56 1.84 -1.22134e-05
-0.56 2 0

-0.4 -2 0
-0.4 -1.84 -6.77093e-05
-0.4 -1.68 -0.00218778
-0.4 -1.52 -0.014548
-0.4 -1.36 -0.055172
-0.4 -1.2 -0.156857
-0.4 -1.04 -0.367071
-0.4 -0.88 -0.725632
-0.4 -0.72 -1.24633
-0.4 -0.56 -1.89859
-0.4 -0.4 -2.58423
-0.4 -0.24 -3.1575
-0.4 -0.08 -3.48581
-0.4 0.08 -3.48581
-0.4 0.24 -3.1575
-0.4 0.4 -2.58423
-0.4 0.56 -1.89859
-0.4 0.72 -1.24633
-0.4 0.88 -0.725632
-0.4 1.04 -0.367071
-0.4 1.2 -0.156857
-0.4 1.36 -0.055172
-0.4 1.52 -0.014548
-0.4 1.68 -0.00218778
-0.4 1.84 -6.77093e-05
-0.4 2 0

-0.24 -2 0
-0.24 -1.84 -0.00015935
-0.24 -1.68 -0.00337404
-0.24 -1.52 -0.0199825
-0.24 -1.36 -0.0722643
-0.24 -1.2 -0.201205
-0.24 -1.04 -0.462821
-0.24 -0.88 -0.903089
-0.24 -0.72 -1.53995
-0.24 -0.56 -2.33418
-0.24 -0.4 -3.1575
-0.24 -0.24 -3.84709
-0.24 -0.08 -4.24826
-0.24 0.08 -4.24826
-0.24 0.24 -3.84709
-0.24 0.4 -3.1575
-0.24 0.56 -2.33418
-0.24 0.72 -1.53995
-0.24 0.88 -0.903089
-0.24 1.04 -0.462821
-0.24 1.2 -0.201205
-0.24 1.36 -0.0722643
-0.24 1.52 -0.0199825
-0.24 1.68 -0.00337404
-0.24 1.84 -0.00015935
-0.24 2 0

-0.08 -2 0
-0.08 -1.84 -0.000231566
-0.08 -1.68 -0.0041384
-0.08 -1.52 -0.0232964
-0.08 -1.36 -0.0824968
-0.08 -1.2 -0.227477
-0.08 -1.04 -0.518755
-0.08 -0.88 -1.00619
-0.08 -0.72 -1.71037
-0.08 -0.56 -2.58423
-0.08 -0.4 -3.48581
-0.08 -0.24 -4.24826
-0.08 -0.08 -4.70495
-0.08 0.08 -4.70495
-0.08 0.24 -4.24826
-0.08 0.4 -3.48581
-0.08 0.56 -2.58423
-0.08 0.72 -1.71037
-0.08 0.88 -1.00619
-0.08 1.04 -0.518755
-0.08 1.2 -0.227477
-0.08 1.36 -0.0824968
-0.08 1.52 -0.0232964
-0.08 1.68 -0.0041384
-0.08 1.84 -0.000231566
-0.08 2 0

0.08 -2 0
0.08 -1.84 -0.000231566
0.08 -1.68 -0.0041384
0.08 -1.52 -0.0232964
0.08 -1.36 -0.0824968
0.08 -1.2 -0.227477
0.08 -1.04 -0.518755
0.08 -0.88 -1.00619
0.08 -0.72 -1.71037
0.08 -0.56 -2.58423
0.08 -0.4 -3.48581
0.08 -0.24 -4.24826
0.08 -0.08 -4.70495
0.08 0.08 -4.70495
0.08 0.24 -4.24826
0.08 0.4 -3.48581
0.08 0.56 -2.58423
0.08 0.72 -1.71037
0.08 0.88 -1.00619
0.08 1.04 -0.518755
0.08 1.2 -0.227477
0.08 1.36 -0.0824968
0.08 1.52 -0.0232964
0.08 1.68 -0.0041384
0.08 1.84 -0.000231566
0.08 2 0

0.24 -2 0
0.24 -1.84 -0.00015935
0.24 -1.68 -0.00337404
0.24 -1.52 -0.0199825
0.24 -1.36 -0.0722643
0.24 -1.2 -0.201205
0.24 -1.04 -0.462821
0.24 -0.88 -0.903089
0.24 -0.72 -1.53995
0.24 -0.56 -2.33418
0.24 -0.4 -3.1575
0.24 -0.24 -3.84709
0.24 -0.08 -4.24826
0.24 0.08 -4.24826
0.24 0.24 -3.84709
0.24 0.4 -3.1575
0.24 0.56 -2.33418
0.24 0.72 -1.53995
0.24 0.88 -0.903089
0.24 1.04 -0.462821
0.24 1.2 -0.201205
0.24 1.36 -0.0722643
0.24 1.52 -0.0199825
0.24 1.68 -0.00337404
0.24 1.84 -0.00015935
0.24 2 0

0.4 -2 0
0.4 -1.84 -6.77093e-05
0.4 -1.68 -0.00218778
0.4 -1.52 -0.014548
0.4 -1.36 -0.055172
0.4 -1.2 -0.156857
0.4 -1.04 -0.367071
0.4 -0.88 -0.725632
0.4 -0.72 -1.24633
0.4 -0.56 -1.89859
0.4 -0.4 -2.58423
0.4 -0.24 -3.1575
0.4 -0.08 -3.48581
0.4 0.08 -3.48581
0.4 0.24 -3.1575
0.4 0.4 -2.58423
0.4 0.56 -1.89859
0.4 0.72 -1.24633
0.4 0.88 -0.725632
0.4 1.04 -0.367071
0.4 1.2 -0.156857
0.4 1.36 -0.055172
0.4 1.52 -0.014548
0.4 1.68 -0.00218778
0.4 1.84 -6.77093e-05
0.4 2 0

0.56 -2 0
0.56 -1.84 -1.22134e-05
0.56 -1.68 -0.00105803
0.56 -1.52 -0.00876225
0.56 -1.36 -0.0362567
0.56 -1.2 -0.107057
0.56 -1.04 -0.256865
0.56 -0.88 -0.518755
0.56 -0.72 -0.903089
0.56 -0.56 -1.38577
0.56 -0.4 -1.89859
0.56 -0.24 -2.33418
0.56 -0.08 -2.58423
0.56 0.08 -2.58423
0.56 0.24 -2.33418
0.56 0.4 -1.89859
0.56 0.56 -1.38577
0.56 0.72 -0.903089
0.56 0.88 -0.518755
0.56 1.04 -0.256865
0.56 1.2 -0.107057
0.56 1.36 -0.0362567
0.56 1.52 -0.00876225
0.56 1.68 -0.00105803
0.56 1.84 -1.22134e-05
0.56 2 0

0.72 -2 0
0.72 -1.84 -1.16952e-07
0.72 -1.68 -0.000327154
0.72 -1.52 -0.0041384
0.72 -1.36 -0.0199825
0.72 -1.2 -0.0631986
0.72 -1.04 -0.156857
0.72 -0.88 -0.326297
0.72 -0.72 -0.580784
0.72 -0.56 -0.903089
0.72 -0.4 -1.24633
0.72 -0.24 -1.53995
0.72 -0.08 -1.71037
0.72 0.08 -1.71037
0.72 0.24 -1.53995
0.72 0.4 -1.24633
0.72 0.56 -0.903089
0.72 0.72 -0.580784
0.72 0.88 -0.326297
0.72 1.04 -0.156857
0.72 1.2 -0.0631986
0.72 1.36 -0.0199825
0.72 1.52 -0.0041384
0.72 1.68 -0.000327154
0.72 1.84 -1.16952e-07
0.72 2 0

0.88 -2 0
0.88 -1.84 0
0.88 -1.68 -4.10974e-05
0.88 -1.52 -0.00136389
0.88 -1.36 -0.00876225
0.88 -1.2 -0.0313732
0.88 -1.04 -0.0824968
0.88 -0.88 -0.177755
0.88 -0.72 -0.326297
0.88 -0.56 -0.518755
0.88 -0.4 -0.725632
0.88 -0.24 -0.903089
0.88 -0.08 -1.00619
0.88 0.08 -1.00619
0.88 0.24 -0.903089
0.88 0.4 -0.725632
0.88 0.56 -0.518755
0.88 0.72 -0.326297
0.88 0.88 -0.177755
0.88 1.04 -0.0824968
0.88 1.2 -0.0313732
0.88 1.36 -0.00876225
0.88 1.52 -0.00136389
0.88 1.68 -4.10974e-05
0.88 1.84 0
0.88 2 0

1.04 -2 0
1.04 -1.84 0
1.04 -1.68 -1.16952e-07
1.04 -1.52 -0.000231566
1.04 -1.36 -0.00272895
1.04 -1.2 -0.0123407
1.04 -1.04 -0.0362567
1.04 -0.88 -0.0824968
1.04 -0.72 -0.156857
1.04 -0.56 -0.256865
1.04 -0.4 -0.367071
1.04 -0.24 -0.462821
1.04 -0.08 -0.518755
1.04 0.08 -0.518755
1.04 0.24 -0.462821
1.04 0.4 -0.367071
1.04 0.56 -0.256865
1.04 0.72 -0.156857
1.04 0.88 -0.0824968
1.04 1.04 -0.0362567
1.04 1.2 -0.0123407
1.04 1.36 -0.00272895
1.04 1.52 -0.000231566
1.04 1.68 -1.16952e-07
1.04 1.84 0
1.04 2 0

1.2 -2 0
1.2 -1.84 0
1.2 -1.68 0
1.2 -1.52 -5.67356e-06
1.2 -1.36 -0.000451275
1.2 -1.2 -0.00337404
1.2 -1.04 -0.0123407
1.2 -0.88 -0.0313732
1.2 -0.72 -0.0631986
1.2 -0.56 -0.107057
1.2 -0.4 -0.156857
1.2 -0.24 -0.201205
1.2 -0.08 -0.227477
1.2 0.08 -0.227477
1.2 0.24 -0.201205
1.2 0.4 -0.156857
1.2 0.56 -0.107057
1.2 0.72 -0.0631986
1.2 0.88 -0.0313732
1.2 1.04 -0.0123407
1.2 1.2 -0.00337404
1.2 1.36 -0.000451275
1.2 1.52 -5.67356e-06
1.2 1.68 0
1.2 1.84 0
1.2 2 0

1.36 -2 0
1.36 -1.84 0
1.36 -1.68 0
1.36 -1.52 0
1.36 -1.36 -1.22134e-05
1.36 -1.2 -0.000451275
1.36 -1.04 -0.00272895
1.36 -0.88 -0.00876225
1.36 -0.72 -0.0199825
1.36 -0.56 -0.0362567
1.36 -0.4 -0.055172
1.36 -0.24 -0.0722643
1.36 -0.08 -0.0824968
1.36 0.08 -0.0824968
1.36 0.24 -0.0722643
1.36 0.4 -0.055172
1.36 0.56 -0.0362567
1.36 0.72 -0.0199825
1.36 0.88 -0.00876225
1.36 1.04 -0.00272895
1.36 1.2 -0.000451275
1.36 1.36 -1.22134e-05
1.36 1.52 0
1.36 1.68 0
1.36 1.84 0
1.36 2 0

1.52 -2 0
1.52 -1.84 0
1.52 -1.68 0
1.52 -1.52 0
1.52 -1.36 0
1.52 -1.2 -5.67356e-06
1.52 -1.04 -0.000231566
1.52 -0.88 -0.00136389
1.52 -0.72 -0.0041384
1.52 -0.56 -0.00876225
1.52 -0.4 -0.014548
1.52 -0.24 -0.0199825
1.52 -0.08 -0.0232964
1.52 0.08 -0.0232964
1.52 0.24 -0.0199825
1.52 0.4 -0.014548
1.52 0.56 -0.00876225
1.52 0.72 -0.0041384
1.52 0.88 -0.00136389
1.52 1.04 -0.000231566
1.52 1.2 -5.67356e-06
1.52 1.36 0
1.52 1.52 0
1.52 1.68 0
1.52 1.84 0
1.52 2 0

1.68 -2 0
1.68 -1.84 0
1.68 -1.68 0
1.68 -1.52 0
1.68 -1.36 0
1.68 -1.2 0
1.68 -1.04 -1.16952e-07
1.68 -0.88 -4.10974e-05
1.68 -0.72 -0.000327154
1.68 -0.56 -0.00105803
1.68 -0.4 -0.00218778
1.68 -0.24 -0.00337404
1.68 -0.08 -0.0041384
1.68 0.08 -0.0041384
1.68 0.24 -0.00337404
1.68 0.4 -0.00218778
1.68 0.56 -0.00105803
1.68 0.72 -0.000327154
1.68 0.88 -4.10974e-05
1.68 1.04 -1.16952e-07
1.68 1.2 0
1.68 1.36 0
1.68 1.52 0
1.68 1.68 0
1.68 1.84 0
1.68 2 0

1.84 -2 0
1.84 -1.84 0
1.84 -1.68 0
1.84 -1.52 0
1.84 -1.36 0
1.84 -1.2 0
1.84 -1.04 0
1.84 -0.88 0
1.84 -0.72 -1.16952e-07
1.84 -0.56 -1.22134e-05
1.84 -0.4 -6.77093e-05
1.84 -0.24 -0.00015935
1.84 -0.08 -0.000231566
1.84 0.08 -0.000231566
1.84 0.24 -0.00015935
1.84 0.4 -6.77093e-05
1.84 0.56 -1.22134e-05
1.84 0.72 -1.16952e-07
1.84 0.88 0
1.84 1.04 0
1.84 1.2 0
1.84 1.36 0
1.84 1.52 0
1.84 1.68 0
1.84 1.84 0
1.84 2 0

2 -2 0
2 -1.84 0
2 -1.68 0
2 -1.52 0
2 -1.36 0
2 -1.2 0
2 -1.04 0
2 -0.88 0
2 -0.72 0
2 -0.56 0
2 -0.4 0
2 -0.24 0
2 -0.08 0
2 0.08 0
2 0.24 0
2 0.4 0
2 0.56 0
2 0.72 0
2 0.88 0
2 1.04 0
2 1.2 0
2 1.36 0
2 1.52 0
2 1.68 0
2 1.84 0
2 2 0

