-2 -2 0
-2 -1.84 0
-2 -1.68 0
-2 -1.52 0
-2 -1.36 0
-2 -1.2 0
-2 -1.04 0
-2 -0.88 0
-2 -0.72 0
-2 -0.56 0
-2 -0.4 0
-2 -0.24 0
-2 -0.08 0
-2 0.08 0
-2 0.24 0
-2 0.4 0
-2 0.56 0
-2 0.72 0
-2 0.88 0
-2 1.04 0
-2 1.2 0
-2 1.36 0
-2 1.52 0
-2 1.68 0
-2 1.84 0
-2 2 0

-1.84 -2 0
-1.84 -1.84 0
-1.84 -1.68 0
-1.84 -1.52 0
-1.84 -1.36 0
-1.84 -1.2 0
-1.84 -1.04 0
-1.84 -0.88 0
-1.84 -0.72 -7.0443e-05
-1.84 -0.56 -0.000729631
-1.84 -0.4 -0.00173626
-1.84 -0.24 -0.00268317
-1.84 -0.08 -0.00324665
-1.84 0.08 -0.00324665
-1.84 0.24 -0.00268317
-1.84 0.4 -0.00173626
-1.84 0.56 -0.000729631
-1.84 0.72 -7.0443e-05
-1.84 0.88 0
-1.84 1.04 0
-1.84 1.2 0
-1.84 1.36 0
-1.84 1.52 0
-1.84 1.68 0
-1.84 1.84 0
-1.84 2 0

-1.68 -2 0
-1.68 -1.84 0
-1.68 -1.68 0
-1.68 -1.52 0
-1.68 -1.36 0
-1.68 -1.2 0
-1.68 -1.04 -7.0443e-05
-1.68 -0.88 -0.00134784
-1.68 -0.72 -0.00387369
-1.68 -0.56 -0.00707728
-1.68 -0.4 -0.0103056
-1.68 -0.24 -0.0129104
-1.68 -0.08 -0.0143624
-1.68 0.08 -0.0143624
-1.68 0.24 -0.0129104
-1.68 0.4 -0.0103056
-1.68 0.56 -0.00707728
-1.68 0.72 -0.00387369
-1.68 0.88 -0.00134784
-1.68 1.04 -7.0443e-05
-1.68 1.2 0
-1.68 1.36 0
-1.68 1.52 0
-1.68 1.68 0
-1.68 1.84 0
-1.68 2 0

-1.52 -2 0
-1.52 -1.84 0
-1.52 -1.68 0
-1.52 -1.52 0
-1.52 -1.36 0
-1.52 -1.2 -0.000495587
-1.52 -1.04 -0.00324665
-1.52 -0.88 -0.00806855
-1.52 -0.72 -0.0143624
-1.52 -0.56 -0.0212951
-1.52 -0.4 -0.0278562
-1.52 -0.24 -0.0329945
-1.52 -0.08 -0.0358207
-1.52 0.08 -0.0358207
-1.52 0.24 -0.0329945
-1.52 0.4 -0.0278562
-1.52 0.56 -0.0212951
-1.52 0.72 -0.0143624
-1.52 0.88 -0.00806855
-1.52 1.04 -0.00324665
-1.52 1.2 -0.000495587
-1.52 1.36 0
-1.52 1.52 0
-1.52 1.68 0
-1.52 1.84 0
-1.52 2 0

-1.36 -2 0
-1.36 -1.84 0
-1.36 -1.68 0
-1.36 -1.52 0
-1.36 -1.36 -0.000729631
-1.36 -1.2 -0.00456717
-1.36 -1.04 -0.0115597
-1.36 -0.88 -0.0212951
-1.36 -0.72 -0.0329945
-1.36 -0.56 -0.0454603
-1.36 -0.4 -0.0571208
-1.36 -0.24 -0.0662331
-1.36 -0.08 -0.0712502
-1.36 0.08 -0.0712502
-1.36 0.24 -0.0662331
-1.36 0.4 -0.0571208
-1.36 0.56 -0.0454603
-1.36 0.72 -0.0329945
-1.36 0.88 -0.0212951
-1.36 1.04 -0.0115597
-1.36 1.2 -0.00456717
-1.36 1.36 -0.000729631
-1.36 1.52 0
-1.36 1.68 0
-1.36 1.84 0
-1.36 2 0

-1.2 -2 0
-1.2 -1.84 0
-1.2 -1.68 0
-1.2 -1.52 -0.000495587
-1.2 -1.36 -0.00456717
-1.2 -1.2 -0.0129104
-1.2 -1.04 -0.0255249
-1.2 -0.88 -0.0420414
-1.2 -0.72 -0.0615305
-1.2 -0.56 -0.0823259
-1.2 -0.4 -0.101984
-1.2 -0.24 -0.117544
-1.2 -0.08 -0.126197
-1.2 0.08 -0.126197
-1.2 0.24 -0.117544
-1.2 0.4 -0.101984
-1.2 0.56 -0.0823259
-1.2 0.72 -0.0615305
-1.2 0.88 -0.0420414
-1.2 1.04 -0.0255249
-1.2 1.2 -0.0129104
-1.2 1.36 -0.00456717
-1.2 1.52 -0.000495587
-1.2 1.68 0
-1.2 1.84 0
-1.2 2 0

-1.04 -2 0
-1.04 -1.84 0
-1.04 -1.68 -7.0443e-05
-1.04 -1.52 -0.00324665
-1.04 -1.36 -0.0115597
-1.04 -1.2 -0.0255249
-1.04 -1.04 -0.0454603
-1.04 -0.88 -0.0712502
-1.04 -0.72 -0.101984
-1.04 -0.56 -0.135508
-1.04 -0.4 -0.168082
-1.04 -0.24 -0.194565
-1.04 -0.08 -0.209583
-1.04 0.08 -0.209583
-1.04 0.24 -0.194565
-1.04 0.4 -0.168082
-1.04 0.56 -0.135508
-1.04 0.72 -0.101984
-1.04 0.88 -0.0712502
-1.04 1.04 -0.0454603
-1.04 1.2 -0.0255249
-1.04 1.36 -0.0115597
-1.04 1.52 -0.00324665
-1.04 1.68 -7.0443e-05
-1.04 1.84 0
-1.04 2 0

-0.88 -2 0
-0.88 -1.84 0
-0.88 -1.68 -0.00134784
-0.88 -1.52 -0.00806855
-0.88 -1.36 -0.0212951
-0.88 -1.2 -0.0420414
-0.88 -1.04 -0.0712502
-0.88 -0.88 -0.10949
-0.88 -0.72 -0.15637
-0.88 -0.56 -0.209583
-0.88 -0.4 -0.262622
-0.88 -0.24 -0.301657
-0.88 -0.08 -0.322077
-0.88 0.08 -0.322077
-0.88 0.24 -0.301657
-0.88 0.4 -0.262622
-0.88 0.56 -0.209583
-0.88 0.72 -0.15637
-0.88 0.88 -0.10949
-0.88 1.04 -0.0712502
-0.88 1.2 -0.0420414
-0.88 1.36 -0.0212951
-0.88 1.52 -0.00806855
-0.88 1.68 -0.00134784
-0.88 1.84 0
-0.88 2 0

-0.72 -2 0
-0.72 -1.84 -7.0443e-05
-0.72 -1.68 -0.00387369
-0.72 -1.52 -0.0143624
-0.72 -1.36 -0.0329945
-0.72 -1.2 -0.0615305
-0.72 -1.04 -0.101984
-0.72 -0.88 -0.15637
-0.72 -0.72 -0.225985
-0.72 -0.56 -0.301657
-0.72 -0.4 -0.365034
-0.72 -0.24 -0.411374
-0.72 -0.08 -0.436094
-0.72 0.08 -0.436094
-0.72 0.24 -0.411374
-0.72 0.4 -0.365034
-0.72 0.56 -0.301657
-0.72 0.72 -0.225985
-0.72 0.88 -0.15637
-0.72 1.04 -0.101984
-0.72 1.2 -0.0615305
-0.72 1.36 -0.0329945
-0.72 1.52 -0.0143624
-0.72 1.68 -0.00387369
-0.72 1.84 -7.0443e-05
-0.72 2 0

-0.56 -2 0
-0.56 -1.84 -0.000729631
-0.56 -1.68 -0.00707728
-0.56 -1.52 -0.0212951
-0.56 -1.36 -0.0454603
-0.56 -1.2 -0.0823259
-0.56 -1.04 -0.135508
-0.56 -0.88 -0.209583
-0.56 -0.72 -0.301657
-0.56 -0.56 -0.38773
-0.56 -0.4 -0.462053
-0.56 -0.24 -0.518578
-0.56 -0.08 -0.549787
-0.56 0.08 -0.549787
-0.56 0.24 -0.518578
-0.56 0.4 -0.462053
-0.56 0.56 -0.38773
-0.56 0.72 -0.301657
-0.56 0.88 -0.209583
-0.56 1.04 -0.135508
-0.56 1.2 -0.0823259
-0.56 1.36 -0.0454603
-0.56 1.52 -0.0212951
-0.56 1.68 -0.00707728
-0.56 1.84 -0.000729631
-0.56 2 0

-0.4 -2 0
-0.4 -1.84 -0.00173626
-0.4 -1.68 -0.0103056
-0.4 -1.52 -0.0278562
-0.4 -1.36 -0.0571208
-0.4 -1.2 -0.101984
-0.4 -1.04 -0.168082
-0.4 -0.88 -0.262622
-0.4 -0.72 -0.365034
-0.4 -0.56 -0.462053
-0.4 -0.4 -0.549787
-0.4 -0.24 -0.620841
-0.4 -0.08 -0.662777
-0.4 0.08 -0.662777
-0.4 0.24 -0.620841
-0.4 0.4 -0.549787
-0.4 0.56 -0.462053
-0.4 0.72 -0.365034
-0.4 0.88 -0.262622
-0.4 1.04 -0.168082
-0.4 1.2 -0.101984
-0.4 1.36 -0.0571208
-0.4 1.52 -0.0278562
-0.4 1.68 -0.0103056
-0.4 1.84 -0.00173626
-0.4 2 0

-0.24 -2 0
-0.24 -1.84 -0.00268317
-0.24 -1.68 -0.0129104
-0.24 -1.52 -0.0329945
-0.24 -1.36 -0.0662331
-0.24 -1.2 -0.117544
-0.24 -1.04 -0.194565
-0.24 -0.88 -0.301657
-0.24 -0.72 -0.411374
-0.24 -0.56 -0.518578
-0.24 -0.4 -0.620841
-0.24 -0.24 -0.711844
-0.24 -0.08 -0.773744
-0.24 0.08 -0.773744
-0.24 0.24 -0.711844
-0.24 0.4 -0.620841
-0.24 0.56 -0.518578
-0.24 0.72 -0.411374
-0.24 0.88 -0.301657
-0.24 1.04 -0.194565
-0.24 1.2 -0.117544
-0.24 1.36 -0.0662331
-0.24 1.52 -0.0329945
-0.24 1.68 -0.0129104
-0.24 1.84 -0.00268317
-0.24 2 0

-0.08 -2 0
-0.08 -1.84 -0.00324665
-0.08 -1.68 -0.0143624
-0.08 -1.52 -0.0358207
-0.08 -1.36 -0.0712502
-0.08 -1.2 -0.126197
-0.08 -1.04 -0.209583
-0.08 -0.88 -0.322077
-0.08 -0.72 -0.436094
-0.08 -0.56 -0.549787
-0.08 -0.4 -0.662777
-0.08 -0.24 -0.773744
-0.08 -0.08 -0.873901
-0.08 0.08 -0.873901
-0.08 0.24 -0.773744
-0.08 0.4 -0.662777
-0.08 0.56 -0.549787
-0.08 0.72 -0.436094
-0.08 0.88 -0.322077
-0.08 1.04 -0.209583
-0.08 1.2 -0.126197
-0.08 1.36 -0.0712502
-0.08 1.52 -0.0358207
-0.08 1.68 -0.0143624
-0.08 1.84 -0.00324665
-0.08 2 0

0.08 -2 0
0.08 -1.84 -0.00324665
0.08 -1.68 -0.0143624
0.08 -1.52 -0.0358207
0.08 -1.36 -0.0712502
0.08 -1.2 -0.126197
0.08 -1.04 -0.209583
0.08 -0.88 -0.322077
0.08 -0.72 -0.436094
0.08 -0.56 -0.549787
0.08 -0.4 -0.662777
0.08 -0.24 -0.773744
0.08 -0.08 -0.873901
0.08 0.08 -0.873901
0.08 0.24 -0.773744
0.08 0.4 -0.662777
0.08 0.56 -0.549787
0.08 0.72 -0.436094
0.08 0.88 -0.322077
0.08 1.04 -0.209583
0.08 1.2 -0.126197
0.08 1.36 -0.0712502
0.08 1.52 -0.0358207
0.08 1.68 -0.0143624
0.08 1.84 -0.00324665
0.08 2 0

0.24 -2 0
0.24 -1.84 -0.00268317
0.24 -1.68 -0.0129104
0.24 -1.52 -0.0329945
0.24 -1.36 -0.0662331
0.24 -1.2 -0.117544
0.24 -1.04 -0.194565
0.24 -0.88 -0.301657
0.24 -0.72 -0.411374
0.24 -0.56 -0.518578
0.24 -0.4 -0.620841
0.24 -0.24 -0.711844
0.24 -0.08 -0.773744
0.24 0.08 -0.773744
0.24 0.24 -0.711844
0.24 0.4 -0.620841
0.24 0.56 -0.518578
0.24 0.72 -0.411374
0.24 0.88 -0.301657
0.24 1.04 -0.194565
0.24 1.2 -0.117544
0.24 1.36 -0.0662331
0.24 1.52 -0.0329945
0.24 1.68 -0.0129104
0.24 1.84 -0.00268317
0.24 2 0

0.4 -2 0
0.4 -1.84 -0.00173626
0.4 -1.68 -0.0103056
0.4 -1.52 -0.0278562
0.4 -1.36 -0.0571208
0.4 -1.2 -0.101984
0.4 -1.04 -0.168082
0.4 -0.88 -0.262622
0.4 -0.72 -0.365034
0.4 -0.56 -0.462053
0.4 -0.4 -0.549787
0.4 -0.24 -0.620841
0.4 -0.08 -0.662777
0.4 0.08 -0.662777
0.4 0.24 -0.620841
0.4 0.4 -0.549787
0.4 0.56 -0.462053
0.4 0.72 -0.365034
0.4 0.88 -0.262622
0.4 1.04 -0.168082
0.4 1.2 -0.101984
0.4 1.36 -0.0571208
0.4 1.52 -0.0278562
0.4 1.68 -0.0103056
0.4 1.84 -0.00173626
0.4 2 0

0.56 -2 0
0.56 -1.84 -0.000729631
0.56 -1.68 -0.00707728
0.56 -1.52 -0.0212951
0.56 -1.36 -0.0454603
0.56 -1.2 -0.0823259
0.56 -1.04 -0.135508
0.56 -0.88 -0.209583
0.56 -0.72 -0.301657
0.56 -0.56 -0.38773
0.56 -0.4 -0.462053
0.56 -0.24 -0.518578
0.56 -0.08 -0.549787
0.56 0.08 -0.549787
0.56 0.24 -0.518578
0.56 0.4 -0.462053
0.56 0.56 -0.38773
0.56 0.72 -0.301657
0.56 0.88 -0.209583
0.56 1.04 -0.135508
0.56 1.2 -0.0823259
0.56 1.36 -0.0454603
0.56 1.52 -0.0212951
0.56 1.68 -0.00707728
0.56 1.84 -0.000729631
0.56 2 0

0.72 -2 0
0.72 -1.84 -7.0443e-05
0.72 -1.68 -0.00387369
0.72 -1.52 -0.0143624
0.72 -1.36 -0.0329945
0.72 -1.2 -0.0615305
0.72 -1.04 -0.101984
0.72 -0.88 -0.15637
0.72 -0.72 -0.225985
0.72 -0.56 -0.301657
0.72 -0.4 -0.365034
0.72 -0.24 -0.411374
0.72 -0.08 -0.436094
0.72 0.08 -0.436094
0.72 0.24 -0.411374
0.72 0.4 -0.365034
0.72 0.56 -0.301657
0.72 0.72 -0.225985
0.72 0.88 -0.15637
0.72 1.04 -0.101984
0.72 1.2 -0.0615305
0.72 1.36 -0.0329945
0.72 1.52 -0.0143624
0.72 1.68 -0.00387369
0.72 1.84 -7.0443e-05
0.72 2 0

0.88 -2 0
0.88 -1.84 0
0.88 -1.68 -0.00134784
0.88 -1.52 -0.00806855
0.88 -1.36 -0.0212951
0.88 -1.2 -0.0420414
0.88 -1.04 -0.0712502
0.88 -0.88 -0.10949
0.88 -0.72 -0.15637
0.88 -0.56 -0.209583
0.88 -0.4 -0.262622
0.88 -0.24 -0.301657
0.88 -0.08 -0.322077
0.88 0.08 -0.322077
0.88 0.24 -0.301657
0.88 0.4 -0.262622
0.88 0.56 -0.209583
0.88 0.72 -0.15637
0.88 0.88 -0.10949
0.88 1.04 -0.0712502
0.88 1.2 -0.0420414
0.88 1.36 -0.0212951
0.88 1.52 -0.00806855
0.88 1.68 -0.00134784
0.88 1.84 0
0.88 2 0

1.04 -2 0
1.04 -1.84 0
1.04 -1.68 -7.0443e-05
1.04 -1.52 -0.00324665
1.04 -1.36 -0.0115597
1.04 -1.2 -0.0255249
1.04 -1.04 -0.0454603
1.04 -0.88 -0.0712502
1.04 -0.72 -0.101984
1.04 -0.56 -0.135508
1.04 -0.4 -0.168082
1.04 -0.24 -0.194565
1.04 -0.08 -0.209583
1.04 0.08 -0.209583
1.04 0.24 -0.194565
1.04 0.4 -0.168082
1.04 0.56 -0.135508
1.04 0.72 -0.101984
1.04 0.88 -0.0712502
1.04 1.04 -0.0454603
1.04 1.2 -0.0255249
1.04 1.36 -0.0115597
1.04 1.52 -0.00324665
1.04 1.68 -7.0443e-05
1.04 1.84 0
1.04 2 0

1.2 -2 0
1.2 -1.84 0
1.2 -1.68 0
1.2 -1.52 -0.000495587
1.2 -1.36 -0.00456717
1.2 -1.2 -0.0129104
1.2 -1.04 -0.0255249
1.2 -0.88 -0.0420414
1.2 -0.72 -0.0615305
1.2 -0.56 -0.0823259
1.2 -0.4 -0.101984
1.2 -0.24 -0.117544
1.2 -0.08 -0.126197
1.2 0.08 -0.126197
1.2 0.24 -0.117544
1.2 0.4 -0.101984
1.2 0.56 -0.0823259
1.2 0.72 -0.0615305
1.2 0.88 -0.0420414
1.2 1.04 -0.0255249
1.2 1.2 -0.0129104
1.2 1.36 -0.00456717
1.2 1.52 -0.000495587
1.2 1.68 0
1.2 1.84 0
1.2 2 0

1.36 -2 0
1.36 -1.84 0
1.36 -1.68 0
1.36 -1.52 0
1.36 -1.36 -0.000729631
1.36 -1.2 -0.00456717
1.36 -1.04 -0.0115597
1.36 -0.88 -0.0212951
1.36 -0.72 -0.0329945
1.36 -0.56 -0.0454603
1.36 -0.4 -0.0571208
1.36 -0.24 -0.0662331
1.36 -0.08 -0.0712502
1.36 0.08 -0.0712502
1.36 0.24 -0.0662331
1.36 0.4 -0.0571208
1.36 0.56 -0.0454603
1.36 0.72 -0.0329945
1.36 0.88 -0.0212951
1.36 1.04 -0.0115597
1.36 1.2 -0.00456717
1.36 1.36 -0.000729631
1.36 1.52 0
1.36 1.68 0
1.36 1.84 0
1.36 2 0

1.52 -2 0
1.52 -1.84 0
1.52 -1.68 0
1.52 -1.52 0
1.52 -1.36 0
1.52 -1.2 -0.000495587
1.52 -1.04 -0.00324665
1.52 -0.88 -0.00806855
1.52 -0.72 -0.0143624
1.52 -0.56 -0.0212951
1.52 -0.4 -0.0278562
1.52 -0.24 -0.0329945
1.52 -0.08 -0.0358207
1.52 0.08 -0.0358207
1.52 0.24 -0.0329945
1.52 0.4 -0.0278562
1.52 0.56 -0.0212951
1.52 0.72 -0.0143624
1.52 0.88 -0.00806855
1.52 1.04 -0.00324665
1.52 1.2 -0.000495587
1.52 1.36 0
1.52 1.52 0
1.52 1.68 0
1.52 1.84 0
1.52 2 0

1.68 -2 0
1.68 -1.84 0
1.68 -1.68 0
1.68 -1.52 0
1.68 -1.36 0
1.68 -1.2 0
1.68 -1.04 -7.0443e-05
1.68 -0.88 -0.00134784
1.68 -0.72 -0.00387369
1.68 -0.56 -0.00707728
1.68 -0.4 -0.0103056
1.68 -0.24 -0.0129104
1.68 -0.08 -0.0143624
1.68 0.08 -0.0143624
1.68 0.24 -0.0129104
1.68 0.4 -0.0103056
1.68 0.56 -0.00707728
1.68 0.72 -0.00387369
1.68 0.88 -0.00134784
1.68 1.04 -7.0443e-05
1.68 1.2 0
1.68 1.36 0
1.68 1.52 0
1.68 1.68 0
1.68 1.84 0
1.68 2 0

1.84 -2 0
1.84 -1.84 0
1.84 -1.68 0
1.84 -1.52 0
1.84 -1.36 0
1.84 -1.2 0
1.84 -1.04 0
1.84 -0.88 0
1.84 -0.72 -7.0443e-05
1.84 -0.56 -0.000729631
1.84 -0.4 -0.00173626
1.84 -0.24 -0.00268317
1.84 -0.08 -0.00324665
1.84 0.08 -0.00324665
1.84 0.24 -0.00268317
1.84 0.4 -0.00173626
1.84 0.56 -0.000729631
1.84 0.72 -7.0443e-05
1.84 0.88 0
1.84 1.04 0
1.84 1.2 0
1.84 1.36 0
1.84 1.52 0
1.84 1.68 0
1.84 1.84 0
1.84 2 0

2 -2 0
2 -1.84 0
2 -1.68 0
2 -1.52 0
2 -1.36 0
2 -1.2 0
2 -1.04 0
2 -0.88 0
2 -0.72 0
2 -0.56 0
2 -0.4 0
2 -0.24 0
2 -0.08 0
2 0.08 0
2 0.24 0
2 0.4 0
2 0.56 0
2 0.72 0
2 0.88 0
2 1.04 0
2 1.2 0
2 1.36 0
2 1.52 0
2 1.68 0
2 1.84 0
2 2 0

