0 0 0 0 0 -0.00318348 0 0.00058013
0.01 0 0 0 0 -0.00310669 0 0.000548627
0.02 0 0 0 0 -0.00300546 0 0.000518014
0.03 0 0 0 0 -0.0028763 0 0.000488539
0.04 0 0 0 0 -0.00271922 0 0.000460453
0.05 0 0 0 0 -0.00254469 0 0.000434011
0.06 0 0 0 0 -0.00234223 0 0.000409458
0.07 0 0 0 0 -0.00211534 0 0.000387044
0.08 0 0 0 0 -0.00186052 0 0.000367018
0.09 0 0 0 0 -0.0015865 0 0.000349635
0.1 0 0 0 0 -0.00128177 0 0.000335137
0.11 0 0 0 0 -0.000955742 0 0.00032378
0.12 0 0 0 0 -0.00060144 0 0.000315809
0.13 0 0 0 0 -0.0002241 0 0.000311479
0.14 0 0 0 0 0.000186052 0 0.000311054
0.15 0 0 0 0 0.000634602 0 0.000314907
0.16 0 0 0 0 0.00112644 0 0.000323433
0.17 0 0 0 0 0.00164864 0 0.000337033
0.18 0 0 0 0 0.00210138 0 0.000355625
0.19 0 0 0 0 0.00246091 0 0.000378328
0.2 0 0 0 0 0.0027262 0 0.000404183
0.21 0 0 0 0 0.00289027 0 0.000432241
0.22 0 0 0 0 0.00296357 0 0.000461545
0.23 0 0 0 0 0.00293913 0 0.000491136
0.24 0 0 0 0 0.00297055 0 0.000520356
0.25 0 0 0 0 0.00343481 0 0.000551768
0.26 0 0 0 0 0.00436332 0 0.000589921
0.27 0 0 0 0 0.00574562 0 0.000639401
0.28 0 0 0 0 0.00738274 0 0.000704293
0.29 0 0 0 0 0.00890118 0 0.00078506
0.3 0 0 0 0 0.0103044 0 0.000880508
0.31 0 0 0 0 0.011589 0 0.000989455
0.32 0 0 0 0 0.0127584 0 0.0011107
0.33 0 0 0 0 0.0138021 0 0.00124306
0.34 0 0 0 0 0.0148248 0 0.00138546
0.35 0 0 0 0 0.0163642 0 0.00154012
0.36 0 0 0 0 0.018504 0 0.00171288
0.37 0 0 0 0 0.0212476 0 0.00190976
0.38 0 0 0 0 0.0204029 0 0.00212549
0.39 0 0 0 0 0.0165876 0 0.00231217
0.4 0 0 0 0 0.0130027 0 0.00246173
0.41 0 0 0 0 0.00963422 0 0.00257649
0.42 0 0 0 0 0.00652404 0 0.00265869
0.43 0 0 0 0 0.00361981 0 0.0027107
0.44 0 0 0 0 0.000586431 0 0.00273364
0.45 0 0 0 0 -0.00298102 0 0.0027238
0.46 0 0 0 0 -0.00705811 0 0.00267612
0.47 0 0 0 0 -0.011774 0 0.00258536
0.48 0 0 0 0 -0.0182527 0 0.00244015
0.49 0 0 0 0 -0.024843 0 0.00222703
0.5 0 0 0 0 -0.0303024 0 0.00195309
0.51 0 0 0 0 -0.0346273 0 0.00162969
0.52 0 0 0 0 -0.0378108 0 0.00126818
0.53 0 0 0 0 -0.0398703 0 0.000879932
0.54 0 0 0 0 -0.0411304 0 0.000474995
0.55 0 0 0 0 -0.0417402 0 6.03887e-05
0.56 0 0 0 0 -0.0418111 0 -0.000357475
0.57 0 0 0 0 -0.0422614 0 -0.000776937
0.58 0 0 0 0 -0.0435669 0 -0.0012047
0.59 0 0 0 0 -0.0457556 0 -0.00164951
0.6 0 0 0 0 -0.0486912 0 -0.00212013
0.61 0 0 0 0 -0.047089 0 -0.00260582
0.62 0 0 0 0 -0.0391652 0 -0.00304347
0.63 0 0 0 0 -0.0325399 0 -0.00340302
0.64 0 0 0 0 -0.0287979 0 -0.00370931
0.65 0 0 0 0 -0.0264243 0 -0.00398738
0.66 0 0 0 0 -0.0228289 0 -0.00423654
0.67 0 0 0 0 -0.0181165 0 -0.00444493
0.68 0 0 0 0 -0.0122173 0 -0.00460062
0.69 0 0 0 0 -0.00509636 0 -0.00469169
0.7 0 0 0 0 0.00321141 0 -0.00470635
0.71 0 0 0 0 0.0126362 0 -0.00463287
0.72 0 0 0 0 0.0238761 0 -0.00445834
0.73 0 0 0 0 0.0354302 0 -0.00416551
0.74 0 0 0 0 0.0442266 0 -0.00376921
0.75 0 0 0 0 0.0503248 0 -0.00329709
0.76 0 0 0 0 0.053613 0 -0.00277673
0.77 0 0 0 0 0.0549988 0 -0.00223521
0.78 0 0 0 0 0.0604652 0 -0.00165514
0.79 0 0 0 0 0.0604442 0 -0.00105441
0.8 0 0 0 0 0.0635719 0 -0.000437177
0.81 0 0 0 0 0.0682459 0 0.000218277
0.82 0 0 0 0 0.0744697 0 0.000927457
0.83 0 0 0 0 0.0818525 0 0.00170565
0.84 0 0 0 0 0.083884 0 0.00253957
0.85 0 0 0 0 0.0782291 0 0.00335919
0.86 0 0 0 0 0.0657291 0 0.00408857
0.87 0 0 0 0 0.0532325 0 0.00468823
0.88 0 0 0 0 0.0424115 0 0.00517057
0.89 0 0 0 0 0.0332311 0 0.00555217
0.9 0 0 0 0 0.0251327 0 0.00584846
0.91 0 0 0 0 0.0162665 0 0.00606066
0.92 0 0 0 0 0.00638791 0 0.00617969
0.93 0 0 0 0 -0.00436332 0 0.00619616
0.94 0 0 0 0 -0.0160919 0 0.00610076
0.95 0 0 0 0 -0.0286932 0 0.00588406
0.96 0 0 0 0 -0.0403171 0 0.00553999
0.97 0 0 0 0 -0.0475777 0 0.00510463
0.98 0 0 0 0 -0.0554317 0 0.00459416
0.99 0 0 0 0 -0.063914 0 0.00400214
1 0 0 0 0 -0.0737925 0 0.00332081
1.01 0 0 0 0 -0.085741 0 0.00253019
1.02 0 0 0 0 -0.0959512 0 0.00162388
1.03 0 0 0 0 -0.102566 0 0.000631638
1.04 0 0 0 0 -0.105585 0 -0.000410564
1.05 0 0 0 0 -0.105006 0 -0.00146678
1.06 0 0 0 0 -0.100842 0 -0.00250105
1.07 0 0 0 0 -0.0978885 0 -0.00348953
1.08 0 0 0 0 -0.0953299 0 -0.00446019
1.09 0 0 0 0 -0.093026 0 -0.00539384
1.1 0 0 0 0 -0.103184 0 -0.00637342
1.11 0 0 0 0 -0.101229 0 -0.00740833
1.12 0 0 0 0 -0.0850673 0 -0.00835943
1.13 0 0 0 0 -0.0641932 0 -0.00911393
1.14 0 0 0 0 -0.0456927 0 -0.00967042
1.15 0 0 0 0 -0.0296706 0 -0.0100531
1.16 0 0 0 0 -0.0168599 0 -0.0102853
1.17 0 0 0 0 -0.000558505 0 -0.0103733
1.18 0 0 0 0 0.0135438 0 -0.010309
1.19 0 0 0 0 0.0316603 0 -0.0100841
1.2 0 0 0 0 0.0472286 0 -0.00969021
1.21 0 0 0 0 0.0671952 0 -0.00911893
1.22 0 0 0 0 0.079203 0 -0.00837999
1.23 0 0 0 0 0.0880693 0 -0.007552
1.24 0 0 0 0 0.107582 0 -0.00658296
1.25 0 0 0 0 0.13097 0 -0.00536902
1.26 0 0 0 0 0.134565 0 -0.00403695
1.27 0 0 0 0 0.138094 0 -0.00267743
1.28 0 0 0 0 0.142873 0 -0.00127459
1.29 0 0 0 0 0.146781 0 0.00017285
1.3 0 0 0 0 0.147013 0 0.00164572
1.31 0 0 0 0 0.142904 0 0.0030992
1.32 0 0 0 0 0.148039 0 0.00453845
1.33 0 0 0 0 0.151146 0 0.00605301
1.34 0 0 0 0 0.129224 0 0.00748666
1.35 0 0 0 0 0.102276 0 0.00863917
1.36 0 0 0 0 0.092293 0 0.00961858
1.37 0 0 0 0 0.071 0 0.0104405
1.38 0 0 0 0 0.0551524 0 0.011078
1.39 0 0 0 0 0.0404218 0 0.0115621
1.4 0 0 0 0 0.0267734 0 0.011904
1.41 0 0 0 0 0.0155334 0 0.0121149
1.42 0 0 0 0 0.000383972 0 0.0121999
1.43 0 0 0 0 -0.0171042 0 0.0121199
1.44 0 0 0 0 -0.0447153 0 0.0118165
1.45 0 0 0 0 -0.0699528 0 0.0112439
1.46 0 0 0 0 -0.10259 0 0.0103828
1.47 0 0 0 0 -0.129608 0 0.00921942
1.48 0 0 0 0 -0.153345 0 0.00779373
1.49 0 0 0 0 -0.165562 0 0.00619899
1.5 0 0 0 0 -0.182911 0 0.0044485
1.51 0 0 0 0 -0.174138 0 0.0026364
1.52 0 0 0 0 -0.167468 0 0.000932805
1.53 0 0 0 0 -0.150755 0 -0.000688197
1.54 0 0 0 0 -0.116302 0 -0.00202568
1.55 0 0 0 0 -0.119384 0 -0.00316706
1.56 0 0 0 0 -0.146224 0 -0.00449387
1.57 0 0 0 0 -0.150133 0 -0.0059943
1.58 0 0 0 0 -0.156661 0 -0.00750237
1.59 0 0 0 0 -0.178268 0 -0.00918106
1.6 0 0 0 0 -0.161443 0 -0.0109249
1.61 0 0 0 0 -0.143955 0 -0.0124205
1.62 0 0 0 0 -0.12699 0 -0.0137986
1.63 0 0 0 0 -0.0920836 0 -0.0149256
1.64 0 0 0 0 -0.054175 0 -0.0156709
1.65 0 0 0 0 -0.0225497 0 -0.016065
1.66 0 0 0 0 0.00282743 0 -0.016171
1.67 0 0 0 0 0.0218864 0 -0.0160518
1.68 0 0 0 0 0.0352906 0 -0.0157647
1.69 0 0 0 0 0.049707 0 -0.0153377
1.7 0 0 0 0 0.0606676 0 -0.0147876
1.71 0 0 0 0 0.0856957 0 -0.0140589
1.72 0 0 0 0 0.101124 0 -0.0131196
1.73 0 0 0 0 0.112574 0 -0.012047
1.74 0 0 0 0 0.149959 0 -0.0108013
1.75 0 0 0 0 0.175057 0 -0.00905571
1.76 0 0 0 0 0.190939 0 -0.00722706
1.77 0 0 0 0 0.187623 0 -0.00531442
1.78 0 0 0 0 0.179552 0 -0.00349198
1.79 0 0 0 0 0.190251 0 -0.0016595
1.8 0 0 0 0 0.214025 0 0.000339283
1.81 0 0 0 0 0.236265 0 0.00260567
1.82 0 0 0 0 0.250315 0 0.00502285
1.83 0 0 0 0 0.256982 0 0.00758684
1.84 0 0 0 0 0.23726 0 0.0100719
1.85 0 0 0 0 0.213803 0 0.0123434
1.86 0 0 0 0 0.184865 0 0.0143545
1.87 0 0 0 0 0.156242 0 0.0160702
1.88 0 0 0 0 0.13069 0 0.01752
1.89 0 0 0 0 0.101543 0 0.0186986
1.9 0 0 0 0 0.076585 0 0.0195999
1.91 0 0 0 0 0.0484503 0 0.0202432
1.92 0 0 0 0 0.0163363 0 0.0205842
1.93 0 0 0 0 -0.0115541 0 0.0206068
1.94 0 0 0 0 -0.0431445 0 0.020331
1.95 0 0 0 0 -0.0670206 0 0.0197787
1.96 0 0 0 0 -0.0938987 0 0.0189723
1.97 0 0 0 0 -0.118403 0 0.0179145
1.98 0 0 0 0 -0.15865 0 0.0165495
1.99 0 0 0 0 -0.201341 0 0.0147126
2 0 0 0 0 -0.211988 0 0.0126984
2.01 0 0 0 0 -0.276041 0 0.0103336
2.02 0 0 0 0 -0.273947 0 0.00750034
2.03 0 0 0 0 -0.340618 0 0.00435219
2.04 0 0 0 0 -0.27135 0 0.00143118
2.05 0 0 0 0 -0.248776 0 -0.001266
2.06 0 0 0 0 -0.305607 0 -0.00399806
2.07 0 0 0 0 -0.30833 0 -0.00710241
2.08 0 0 0 0 -0.297858 0 -0.0101281
2.09 0 0 0 0 -0.263754 0 -0.0129262
2.1 0 0 0 0 -0.263649 0 -0.0155505
2.11 0 0 0 0 -0.269304 0 -0.018218
2.12 0 0 0 0 -0.248744 0 -0.0208848
2.13 0 0 0 0 -0.158301 0 -0.0229411
2.14 0 0 0 0 -0.130795 0 -0.0244029
2.15 0 0 0 0 -0.106256 0 -0.0255967
2.16 0 0 0 0 -0.0823097 0 -0.0265638
2.17 0 0 0 0 -0.045588 0 -0.0271871
2.18 0 0 0 0 -0.0527438 0 -0.0276518
2.19 0 0 0 0 -0.0376991 0 -0.0281503
2.2 0 0 0 0 0.0232129 0 -0.0282914
2.21 0 0 0 0 0.0950506 0 -0.027715
2.22 0 0 0 0 0.141162 0 -0.026537
2.23 0 0 0 0 0.172508 0 -0.0249797
2.24 0 0 0 0 0.201167 0 -0.0231366
2.25 0 0 0 0 0.217084 0 -0.0210371
2.26 0 0 0 0 0.243089 0 -0.018745
2.27 0 0 0 0 0.283197 0 -0.0161648
2.28 0 0 0 0 0.306061 0 -0.0131381
2.29 0 0 0 0 0.355838 0 -0.00993794
2.3 0 0 0 0 0.344703 0 -0.00640075
2.31 0 0 0 0 0.334831 0 -0.00307604
2.32 0 0 0 0 0.419685 0 0.000793688
2.33 0 0 0 0 0.427466 0 0.00499457
2.34 0 0 0 0 0.404323 0 0.00920141
2.35 0 0 0 0 0.348926 0 0.0129607
2.36 0 0 0 0 0.388406 0 0.0166942
2.37 0 0 0 0 0.39057 0 0.0205316
2.38 0 0 0 0 0.336918 0 0.0242012
2.39 0 0 0 0 0.334824 0 0.0275935
2.4 0 0 0 0 0.233176 0 0.0305137
2.41 0 0 0 0 0.103463 0 0.0322556
2.42 0 0 0 0 0.147794 0 0.033626
2.43 0 0 0 0 0.132296 0 0.0349914
2.44 0 0 0 0 0.117635 0 0.0362889
2.45 0 0 0 0 0.0938987 0 0.0373553
2.46 0 0 0 0 0.0733038 0 0.0381986
2.47 0 0 0 0 0.0436332 0 0.0388186
2.48 0 0 0 0 -0.00942478 0 0.0390371
2.49 0 0 0 0 -0.0855211 0 0.0386158
2.5 0 0 0 0 -0.139277 0 0.0374851
2.51 0 0 0 0 -0.154287 0 0.0360072
2.52 0 0 0 0 -0.164096 0 0.0344211
2.53 0 0 0 0 -0.195686 0 0.0326501
2.54 0 0 0 0 -0.251502 0 0.0304936
2.55 0 0 0 0 -0.379679 0 0.027464
2.56 0 0 0 0 -0.406208 0 0.0234187
2.57 0 0 0 0 -0.456229 0 0.0190343
2.58 0 0 0 0 -0.464223 0 0.0144029
2.59 0 0 0 0 -0.401461 0 0.00997595
2.6 0 0 0 0 -0.399925 0 0.00605032
2.61 0 0 0 0 -0.418834 0 0.001947
2.62 0 0 0 0 -0.42688 0 -0.00229216
2.63 0 0 0 0 -0.426279 0 -0.00656139
2.64 0 0 0 0 -0.425023 0 -0.0108185
2.65 0 0 0 0 -0.423661 0 -0.0150627
2.66 0 0 0 0 -0.433191 0 -0.0193216
2.67 0 0 0 0 -0.449667 0 -0.023758
2.68 0 0 0 0 -0.415877 0 -0.0281294
2.69 0 0 0 0 -0.403625 0 -0.032197
2.7 0 0 0 0 -0.364076 0 -0.0361273
2.71 0 0 0 0 -0.280998 0 -0.0393408
2.72 0 0 0 0 -0.229336 0 -0.0419472
2.73 0 0 0 0 -0.157429 0 -0.0439097
2.74 0 0 0 0 -0.0928515 0 -0.045189
2.75 0 0 0 0 -0.0359538 0 -0.0458564
2.76 0 0 0 0 0.0150098 0 -0.045981
2.77 0 0 0 0 0.0572468 0 -0.0456313
2.78 0 0 0 0 0.0858702 0 -0.0449171
2.79 0 0 0 0 0.103673 0 -0.0439809
2.8 0 0 0 0 0.145211 0 -0.0427847
2.81 0 0 0 0 0.217468 0 -0.0410264
2.82 0 0 0 0 0.28414 0 -0.0385121
2.83 0 0 0 0 0.356745 0 -0.0352993
2.84 0 0 0 0 0.41483 0 -0.0314642
2.85 0 0 0 0 0.465549 0 -0.0270974
2.86 0 0 0 0 0.55477 0 -0.0220107
2.87 0 0 0 0 0.605071 0 -0.016112
2.88 0 0 0 0 0.529114 0 -0.0103373
2.89 0 0 0 0 0.503004 0 -0.00524311
2.9 0 0 0 0 0.505002 0 -0.0001963
2.91 0 0 0 0 0.511731 0 0.00487348
2.92 0 0 0 0 0.528276 0 0.0100584
2.93 0 0 0 0 0.539691 0 0.0154067
2.94 0 0 0 0 0.535711 0 0.020796
2.95 0 0 0 0 0.533617 0 0.0261234
2.96 0 0 0 0 0.506599 0 0.0313989
2.97 0 0 0 0 0.464258 0 0.0362376
2.98 0 0 0 0 0.451342 0 0.040825
2.99 0 0 0 0 0.419577 0 0.0452131
3 0 0 0 0 0.358491 0 0.0491596
3.01 0 0 0 0 0.291819 0 0.0524231
3.02 0 0 0 0 0.246091 0 0.0551283
3.03 0 0 0 0 0.17558 0 0.0572723
3.04 0 0 0 0 0.112399 0 0.0587349
3.05 0 0 0 0 0.0589921 0 0.0596117
3.06 0 0 0 0 0.0153589 0 0.0600006
3.07 0 0 0 0 -0.020944 0 0.0599884
3.08 0 0 0 0 -0.0520108 0 0.0596341
3.09 0 0 0 0 -0.0781908 0 0.0589925
3.1 0 0 0 0 -0.113795 0 0.0580856
3.11 0 0 0 0 -0.187099 0 0.0566108
3.12 0 0 0 0 -0.219562 0 0.054426
3.13 0 0 0 0 -0.337198 0 0.0517309
3.14 0 0 0 0 -0.420624 0 0.0479362
3.15 0 0 0 0 -0.502306 0 0.0434168
3.16 0 0 0 0 -0.583289 0 0.037993
3.17 0 0 0 0 -0.60926 0 0.0319881
3.18 0 0 0 0 -0.567476 0 0.0260498
3.19 0 0 0 0 -0.610062 0 0.0202856
3.2 0 0 0 0 -0.666925 0 0.0138769
3.21 0 0 0 0 -0.653905 0 0.00723327
3.22 0 0 0 0 -0.633465 0 0.000809554
3.23 0 0 0 0 -0.643154 0 -0.00554592
3.24 0 0 0 0 -0.664272 0 -0.0120735
3.25 0 0 0 0 -0.681307 0 -0.0187914
3.26 0 0 0 0 -0.71555 0 -0.0257555
3.27 0 0 0 0 -0.722427 0 -0.0329941
3.28 0 0 0 0 -0.672999 0 -0.0400288
3.29 0 0 0 0 -0.619592 0 -0.0465134
3.3 0 0 0 0 -0.566185 0 -0.052467
3.31 0 0 0 0 -0.517665 0 -0.0579069
3.32 0 0 0 0 -0.473333 0 -0.0628825
3.33 0 0 0 0 -0.438078 0 -0.0674507
3.34 0 0 0 0 -0.406313 0 -0.0716904
3.35 0 0 0 0 -0.36617 0 -0.0755839
3.36 0 0 0 0 -0.313461 0 -0.079009
3.37 0 0 0 0 -0.228289 0 -0.0817104
3.38 0 0 0 0 -0.156032 0 -0.0836638
3.39 0 0 0 0 -0.0865683 0 -0.0849148
3.4 0 0 0 0 -0.016057 0 -0.085466
3.41 0 0 0 0 0.0558505 0 -0.0853058
3.42 0 0 0 0 0.128456 0 -0.0844219
3.43 0 0 0 0 0.202458 0 -0.0828033
3.44 0 0 0 0 0.271573 0 -0.0804586
3.45 0 0 0 0 0.345575 0 -0.0774392
3.46 0 0 0 0 0.432144 0 -0.0735869
3.47 0 0 0 0 0.511032 0 -0.0689042
3.48 0 0 0 0 0.592365 0 -0.0634602
3.49 0 0 0 0 0.671254 0 -0.0570904
3.5 0 0 0 0 0.656593 0 -0.0504261
3.51 0 0 0 0 0.662178 0 -0.043879
3.52 0 0 0 0 0.71733 0 -0.0370432
3.53 0 0 0 0 0.754506 0 -0.0296649
3.54 0 0 0 0 0.778522 0 -0.0220288
3.55 0 0 0 0 0.807669 0 -0.0140952
3.56 0 0 0 0 0.801665 0 -0.00601863
3.57 0 0 0 0 0.773631 0 0.00188167
3.58 0 0 0 0 0.763023 0 0.00954091
3.59 0 0 0 0 0.774821 0 0.0172374
3.6 0 0 0 0 0.782082 0 0.0250012
3.61 0 0 0 0 0.785608 0 0.0328743
3.62 0 0 0 0 0.706858 0 0.0404134
3.63 0 0 0 0 0.588176 0 0.0469284
3.64 0 0 0 0 0.600393 0 0.0527571
3.65 0 0 0 0 0.666018 0 0.0590962
3.66 0 0 0 0 0.519759 0 0.0652484
3.67 0 0 0 0 0.438427 0 0.0700031
3.68 0 0 0 0 0.378736 0 0.0741269
3.69 0 0 0 0 0.306829 0 0.077598
3.7 0 0 0 0 0.223751 0 0.0802995
3.71 0 0 0 0 0.154287 0 0.0822026
3.72 0 0 0 0 0.111352 0 0.083529
3.73 0 0 0 0 0.0767945 0 0.0844949
3.74 0 0 0 0 0.0324631 0 0.0850705
3.75 0 0 0 0 -0.0219911 0 0.0851564
3.76 0 0 0 0 -0.0865683 0 0.0846527
3.77 0 0 0 0 -0.160919 0 0.0834596
3.78 0 0 0 0 -0.244695 0 0.0814779
3.79 0 0 0 0 -0.319395 0 0.0786812
3.8 0 0 0 0 -0.383274 0 0.0751972
3.81 0 0 0 0 -0.455531 0 0.0710625
3.82 0 0 0 0 -0.558854 0 0.0660485
3.83 0 0 0 0 -0.6353 0 0.0600488
3.84 0 0 0 0 -0.626573 0 0.0537474
3.85 0 0 0 0 -0.669508 0 0.04723
3.86 0 0 0 0 -0.645772 0 0.0406302
3.87 0 0 0 0 -0.611563 0 0.0343752
3.88 0 0 0 0 -0.648495 0 0.0281612
3.89 0 0 0 0 -0.735936 0 0.021296
3.9 0 0 0 0 -0.76592 0 0.0137252
3.91 0 0 0 0 -0.744557 0 0.00617833
3.92 0 0 0 0 -0.761676 0 -0.00132727
3.93 0 0 0 0 -0.785363 0 -0.00903452
3.94 0 0 0 0 -0.816954 0 -0.0170551
3.95 0 0 0 0 -0.73817 0 -0.0250902
3.96 0 0 0 0 -0.581474 0 -0.031626
3.97 0 0 0 0 -0.585034 0 -0.0373315
3.98 0 0 0 0 -0.74002 0 -0.0437537
3.99 0 0 0 0 -0.798314 0 -0.0517455
4 0 0 0 0 -0.731293 0 -0.0591286
4.01 0 0 0 0 -0.757822 0 -0.0666108
4.02 0 0 0 0 -0.768294 0 -0.0742432
4.03 0 0 0 0 -0.632158 0 -0.0816099
4.04 0 0 0 0 -0.459022 0 -0.0870249
4.05 0 0 0 0 -0.356745 0 -0.0910811
4.06 0 0 0 0 -0.270526 0 -0.094179
4.07 0 0 0 0 -0.180467 0 -0.096538
4.08 0 0 0 0 -0.0907571 0 -0.0979109
4.09 0 0 0 0 -0.0345575 0 -0.0985374
4.1 0 0 0 0 -0.0118682 0 -0.0987525
4.11 0 0 0 0 -0.0132645 0 -0.0988774
4.12 0 0 0 0 0.00663225 0 -0.0989396
4.13 0 0 0 0 0.0523599 0 -0.0986889
4.14 0 0 0 0 0.11589 0 -0.0978638
4.15 0 0 0 0 0.222006 0 -0.0962032
4.16 0 0 0 0 0.315206 0 -0.093483
4.17 0 0 0 0 0.387114 0 -0.0900517
4.18 0 0 0 0 0.472984 0 -0.0857281
4.19 0 0 0 0 0.49707 0 -0.0809382
4.2 0 0 0 0 0.564789 0 -0.0755762
4.21 0 0 0 0 0.502306 0 -0.0702059
4.22 0 0 0 0 0.539656 0 -0.0650446
4.23 0 0 0 0 0.643677 0 -0.0592215
4.24 0 0 0 0 0.830777 0 -0.0519372
4.25 0 0 0 0 0.979828 0 -0.0430091
4.26 0 0 0 0 0.937486 0 -0.0330237
4.27 0 0 0 0 0.81842 0 -0.0241365
4.28 0 0 0 0 0.787423 0 -0.0163572
4.29 0 0 0 0 0.893853 0 -0.00799274
4.3 0 0 0 0 0.944865 0 0.00122497
4.31 0 0 0 0 0.915355 0 0.0105943
4.32 0 0 0 0 0.872595 0 0.019527
4.33 0 0 0 0 0.895144 0 0.0283134
4.34 0 0 0 0 0.943525 0 0.0374928
4.35 0 0 0 0 0.95644 0 0.0470164
4.36 0 0 0 0 0.899892 0 0.0564069
4.37 0 0 0 0 0.86708 0 0.065209
4.38 0 0 0 0 0.830079 0 0.0737601
4.39 0 0 0 0 0.810531 0 0.0819565
4.4 0 0 0 0 0.762011 0 0.0898499
4.41 0 0 0 0 0.721868 0 0.0972693
4.42 0 0 0 0 0.66881 0 0.104305
4.43 0 0 0 0 0.64263 0 0.110745
4.44 0 0 0 0 0.625177 0 0.117152
4.45 0 0 0 0 0.59027 0 0.123236
4.46 0 0 0 0 0.526042 0 0.128889
4.47 0 0 0 0 0.450644 0 0.133772
4.48 0 0 0 0 0.371057 0 0.137863
4.49 0 0 0 0 0.307178 0 0.141286
4.5 0 0 0 0 0.244695 0 0.144076
4.51 0 0 0 0 0.182911 0 0.146243
4.52 0 0 0 0 0.129503 0 0.14783
4.53 0 0 0 0 0.0729548 0 0.148878
4.54 0 0 0 0 0.010472 0 0.149331
4.55 0 0 0 0 -0.0513127 0 0.14913
4.56 0 0 0 0 -0.133343 0 0.148213
4.57 0 0 0 0 -0.211883 0 0.146528
4.58 0 0 0 0 -0.291121 0 0.14405
4.59 0 0 0 0 -0.364076 0 0.140803
4.6 0 0 0 0 -0.4297 0 0.136861
4.61 0 0 0 0 -0.497419 0 0.132274
4.62 0 0 0 0 -0.620639 0 0.126744
4.63 0 0 0 0 -0.642281 0 0.120357
4.64 0 0 0 0 -0.652753 0 0.113913
4.65 0 0 0 0 -0.748746 0 0.106856
4.66 0 0 0 0 -0.748746 0 0.0993811
4.67 0 0 0 0 -0.74735 0 0.0919289
4.68 0 0 0 0 -0.838107 0 0.0840935
4.69 0 0 0 0 -0.893958 0 0.0753665
4.7 0 0 0 0 -0.881391 0 0.0664248
4.71 0 0 0 0 -0.846834 0 0.0578112
4.72 0 0 0 0 -0.901637 0 0.0490853
4.73 0 0 0 0 -1.01997 0 0.0395785
4.74 0 0 0 0 -1.05802 0 0.02906
4.75 0 0 0 0 -1.00311 0 0.018545
4.76 0 0 0 0 -0.936579 0 0.00893933
4.77 0 0 0 0 -1.08489 0 -0.000739866
4.78 0 0 0 0 -1.04678 0 -0.0119211
4.79 0 0 0 0 -0.933088 0 -0.022008
4.8 0 0 0 0 -0.860517 0 -0.030808
4.81 0 0 0 0 -0.984366 0 -0.0402654
4.82 0 0 0 0 -0.937242 0 -0.0501346
4.83 0 0 0 0 -0.815418 0 -0.0587569
4.84 0 0 0 0 -0.900241 0 -0.0673299
4.85 0 0 0 0 -0.913854 0 -0.0764395
4.86 0 0 0 0 -0.859749 0 -0.0853675
4.87 0 0 0 0 -0.791681 0 -0.0936072
4.88 0 0 0 0 -0.7847 0 -0.101498
4.89 0 0 0 0 -0.770388 0 -0.109273
4.9 0 0 0 0 -0.716981 0 -0.116861
4.91 0 0 0 0 -0.626922 0 -0.12355
4.92 0 0 0 0 -0.574213 0 -0.129551
4.93 0 0 0 0 -0.738274 0 -0.135871
4.94 0 0 0 0 -0.54943 0 -0.142808
4.95 0 0 0 0 -0.475428 0 -0.147896
4.96 0 0 0 0 -0.397586 0 -0.152296
4.97 0 0 0 0 -0.332311 0 -0.155942
4.98 0 0 0 0 -0.248535 0 -0.158882
4.99 0 0 0 0 -0.157778 0 -0.160943
5 0 0 0 0 -0.0876155 0 -0.16219
5.01 0 0 0 0 -0.0363028 0 -0.162819
5.02 0 0 0 0 -0.00523599 0 -0.163027
5.03 0 0 0 0 0.0122173 0 -0.163004
5.04 0 0 0 0 0.0394444 0 -0.16277
5.05 0 0 0 0 0.0753982 0 -0.162204
5.06 0 0 0 0 0.132994 0 -0.161177
5.07 0 0 0 0 0.194081 0 -0.159571
5.08 0 0 0 0 0.240506 0 -0.157384
5.09 0 0 0 0 0.277856 0 -0.154829
5.1 0 0 0 0 0.334056 0 -0.151816
5.11 0 0 0 0 0.395841 0 -0.148185
5.12 0 0 0 0 0.445059 0 -0.144
5.13 0 0 0 0 0.480664 0 -0.139372
5.14 0 0 0 0 0.492532 0 -0.134497
5.15 0 0 0 0 0.515919 0 -0.129478
5.16 0 0 0 0 0.568628 0 -0.124103
5.17 0 0 0 0 0.603884 0 -0.118227
5.18 0 0 0 0 0.618545 0 -0.112107
5.19 0 0 0 0 0.619941 0 -0.105921
5.2 0 0 0 0 0.6538 0 -0.0995965
5.21 0 0 0 0 0.70267 0 -0.0928204
5.22 0 0 0 0 0.730595 0 -0.0856524
5.23 0 0 0 0 0.750492 0 -0.0782253
5.24 0 0 0 0 0.753284 0 -0.0706928
5.25 0 0 0 0 0.765501 0 -0.0631533
5.26 0 0 0 0 0.806342 0 -0.0553119
5.27 0 0 0 0 0.812276 0 -0.0471605
5.28 0 0 0 0 0.789936 0 -0.0391453
5.29 0 0 0 0 0.787388 0 -0.0312828
5.3 0 0 0 0 0.806307 0 -0.023322
5.31 0 0 0 0 0.811438 0 -0.0151991
5.32 0 0 0 0 0.806272 0 -0.00712126
5.33 0 0 0 0 0.805442 0 0.000936533
5.34 0 0 0 0 0.813323 0 0.00901281
5.35 0 0 0 0 0.808157 0 0.0171749
5.36 0 0 0 0 0.740089 0 0.0249581
5.37 0 0 0 0 0.713491 0 0.0321784
5.38 0 0 0 0 0.73618 0 0.0394141
5.39 0 0 0 0 0.733736 0 0.0467692
5.4 0 0 0 0 0.713142 0 0.0540459
5.41 0 0 0 0 0.677886 0 0.0610087
5.42 0 0 0 0 0.662527 0 0.0677094
5.43 0 0 0 0 0.63914 0 0.0742477
5.44 0 0 0 0 0.598648 0 0.0804576
5.45 0 0 0 0 0.553968 0 0.0862461
5.46 0 0 0 0 0.498815 0 0.0915467
5.47 0 0 0 0 0.459371 0 0.0963129
5.48 0 0 0 0 0.462163 0 0.100857
5.49 0 0 0 0 0.488343 0 0.105655
5.5 0 0 0 0 0.41853 0 0.110292
5.51 0 0 0 0 0.352557 0 0.114143
5.52 0 0 0 0 0.301244 0 0.117437
5.53 0 0 0 0 0.254469 0 0.120235
5.54 0 0 0 0 0.213628 0 0.122592
5.55 0 0 0 0 0.182561 0 0.12457
5.56 0 0 0 0 0.147655 0 0.126225
5.57 0 0 0 0 0.109956 0 0.127538
5.58 0 0 0 0 0.0719076 0 0.128466
5.59 0 0 0 0 0.0356047 0 0.129021
5.6 0 0 0 0 0.00139626 0 0.129221
5.61 0 0 0 0 -0.0314159 0 0.129088
5.62 0 0 0 0 -0.0614356 0 0.128637
5.63 0 0 0 0 -0.0904081 0 0.12789
5.64 0 0 0 0 -0.114494 0 0.126865
5.65 0 0 0 0 -0.147655 0 0.125572
5.66 0 0 0 0 -0.197222 0 0.123872
5.67 0 0 0 0 -0.238412 0 0.121707
5.68 0 0 0 0 -0.270875 0 0.11917
5.69 0 0 0 0 -0.292866 0 0.116356
5.7 0 0 0 0 -0.299498 0 0.113378
5.71 0 0 0 0 -0.285885 0 0.110435
5.72 0 0 0 0 -0.308574 0 0.107504
5.73 0 0 0 0 -0.390256 0 0.103992
5.74 0 0 0 0 -0.2988 0 0.100381
5.75 0 0 0 0 -0.299149 0 0.0974005
5.76 0 0 0 0 -0.304734 0 0.0943836
5.77 0 0 0 0 -0.313461 0 0.0912975
5.78 0 0 0 0 -0.328471 0 0.0881067
5.79 0 0 0 0 -0.361981 0 0.0846862
5.8 0 0 0 0 -0.410851 0 0.0808349
5.81 0 0 0 0 -0.468097 0 0.0763847
5.82 0 0 0 0 -0.461116 0 0.0717222
5.83 0 0 0 0 -0.464607 0 0.0671048
5.84 0 0 0 0 -0.459371 0 0.0624681
5.85 0 0 0 0 -0.44855 0 0.0579229
5.86 0 0 0 0 -0.440172 0 0.0534744
5.87 0 0 0 0 -0.431794 0 0.0491083
5.88 0 0 0 0 -0.421672 0 0.0448368
5.89 0 0 0 0 -0.417832 0 0.0406442
5.9 0 0 0 0 -0.423068 0 0.0364474
5.91 0 0 0 0 -0.433959 0 0.0321647
5.92 0 0 0 0 -0.442895 0 0.0277833
5.93 0 0 0 0 -0.451621 0 0.0233153
5.94 0 0 0 0 -0.460278 0 0.0187602
5.95 0 0 0 0 -0.467329 0 0.0141234
5.96 0 0 0 0 -0.46164 0 0.00945469
5.97 0 0 0 0 -0.441324 0 0.00494358
5.98 0 0 0 0 -0.439064 0 0.000564562
5.99 0 0 0 0 -0.45218 0 -0.00387624
6 0 0 0 0 -0.472216 0 -0.00848373
6.01 0 0 0 0 -0.484922 0 -0.0132844
6.02 0 0 0 0 -0.469773 0 -0.0180903
6.03 0 0 0 0 -0.438008 0 -0.0226332
6.04 0 0 0 0 -0.417134 0 -0.0269297
6.05 0 0 0 0 -0.381983 0 -0.0309364
6.06 0 0 0 0 -0.341212 0 -0.0345391
6.07 0 0 0 0 -0.316952 0 -0.0378335
6.08 0 0 0 0 -0.302291 0 -0.0409308
6.09 0 0 0 0 -0.296008 0 -0.0439233
6.1 0 0 0 0 -0.293215 0 -0.0468691
6.11 0 0 0 0 -0.293564 0 -0.0497974
6.12 0 0 0 0 -0.30264 0 -0.052769
6.13 0 0 0 0 -0.299498 0 -0.0558034
6.14 0 0 0 0 -0.271224 0 -0.0586905
6.15 0 0 0 0 -0.243997 0 -0.0612698
6.16 0 0 0 0 -0.230733 0 -0.0636413
6.17 0 0 0 0 -0.217817 0 -0.0658963
6.18 0 0 0 0 -0.198269 0 -0.0679921
6.19 0 0 0 0 -0.174882 0 -0.0698687
6.2 0 0 0 0 -0.151495 0 -0.0715107
6.21 0 0 0 0 -0.129852 0 -0.0729275
6.22 0 0 0 0 -0.110654 0 -0.0741301
6.23 0 0 0 0 -0.0890118 0 -0.0751291
6.24 0 0 0 0 -0.0701622 0 -0.0759337
6.25 0 0 0 0 -0.0520108 0 -0.0765505
6.26 0 0 0 0 -0.0338594 0 -0.0769858
6.27 0 0 0 0 -0.0167552 0 -0.0772451
6.28 0 0 0 0 5.96751e-15 0 -0.0773348
6.29 0 0 0 0 0.016057 0 -0.0772605
6.3 0 0 0 0 0.0300197 0 -0.0770284
6.31 0 0 0 0 0.0464258 0 -0.0766451
6.32 0 0 0 0 0.0589921 0 -0.0761246
6.33 0 0 0 0 0.0712094 0 -0.0754813
6.34 0 0 0 0 0.0837758 0 -0.0747141
6.35 0 0 0 0 0.0966912 0 -0.0738184
6.36 0 0 0 0 0.110305 0 -0.072789
6.37 0 0 0 0 0.123918 0 -0.0716227
6.38 0 0 0 0 0.13439 0 -0.0703357
6.39 0 0 0 0 0.14207 0 -0.0689555
6.4 0 0 0 0 0.146957 0 -0.0675107
6.41 0 0 0 0 0.150796 0 -0.0660258
6.42 0 0 0 0 0.155334 0 -0.0644993
6.43 0 0 0 0 0.161268 0 -0.0629205
6.44 0 0 0 0 0.167552 0 -0.0612803
6.45 0 0 0 0 0.172439 0 -0.0595827
6.46 0 0 0 0 0.176976 0 -0.0578367
6.47 0 0 0 0 0.180467 0 -0.0560502
6.48 0 0 0 0 0.184307 0 -0.0542277
6.49 0 0 0 0 0.188146 0 -0.0523672
6.5 0 0 0 0 0.192335 0 -0.0504662
6.51 0 0 0 0 0.197222 0 -0.0485215
6.52 0 0 0 0 0.202458 0 -0.0465273
6.53 0 0 0 0 0.208043 0 -0.0444794
6.54 0 0 0 0 0.213977 0 -0.0423738
6.55 0 0 0 0 0.219213 0 -0.0402085
6.56 0 0 0 0 0.2241 0 -0.0379892
6.57 0 0 0 0 0.226544 0 -0.0357346
6.58 0 0 0 0 0.2278 0 -0.033464
6.59 0 0 0 0 0.228568 0 -0.0311826
6.6 0 0 0 0 0.229581 0 -0.0288915
6.61 0 0 0 0 0.229616 0 -0.0265941
6.62 0 0 0 0 0.229232 0 -0.0242981
6.63 0 0 0 0 0.228533 0 -0.0220089
6.64 0 0 0 0 0.227975 0 -0.0197263
6.65 0 0 0 0 0.227486 0 -0.0174488
6.66 0 0 0 0 0.226928 0 -0.0151764
6.67 0 0 0 0 0.226299 0 -0.0129099
6.68 0 0 0 0 0.225706 0 -0.0106497
6.69 0 0 0 0 0.225043 0 -0.00839573
6.7 0 0 0 0 0.22417 0 -0.00614873
6.71 0 0 0 0 0.222739 0 -0.00391303
6.72 0 0 0 0 0.220962 0 -0.00169422
6.73 0 0 0 0 0.218232 0 0.000502299
6.74 0 0 0 0 0.21522 0 0.00267146
6.75 0 0 0 0 0.211674 0 0.0048081
6.76 0 0 0 0 0.207555 0 0.00690683
6.77 0 0 0 0 0.202982 0 0.0089622
6.78 0 0 0 0 0.198234 0 0.0109709
6.79 0 0 0 0 0.193348 0 0.0129314
6.8 0 0 0 0 0.188496 0 0.0148413
6.81 0 0 0 0 0.18141 0 0.0166922
6.82 0 0 0 0 0.173765 0 0.0184728
6.83 0 0 0 0 0.165387 0 0.0201728
6.84 0 0 0 0 0.15687 0 0.0217884
6.85 0 0 0 0 0.148353 0 0.0233189
6.86 0 0 0 0 0.139661 0 0.0247635
6.87 0 0 0 0 0.130725 0 0.0261199
6.88 0 0 0 0 0.121265 0 0.0273851
6.89 0 0 0 0 0.111596 0 0.0285554
6.9 0 0 0 0 0.101927 0 0.0296277
6.91 0 0 0 0 0.0922581 0 0.0306019
6.92 0 0 0 0 0.082589 0 0.0314805
6.93 0 0 0 0 0.0733736 0 0.0322664
6.94 0 0 0 0 0.0647168 0 0.0329623
6.95 0 0 0 0 0.0563043 0 0.0335713
6.96 0 0 0 0 0.0478918 0 0.0340964
6.97 0 0 0 0 0.0410152 0 0.0345406
6.98 0 0 0 0 0.0324631 0 0.0349069
6.99 0 0 0 0 0.0251327 0 0.0351988
7 0 0 0 0 0.0181514 0 0.0354194
7.01 0 0 0 0 0.0115192 0 0.0355719
7.02 0 0 0 0 0.00523599 0 0.0356595
7.03 0 0 0 0 -0.000349066 0 0.0356857
7.04 0 0 0 0 -0.00628319 0 0.0356539
7.05 0 0 0 0 -0.0111701 0 0.0355667
7.06 0 0 0 0 -0.0167552 0 0.0354277
7.07 0 0 0 0 -0.021293 0 0.0352396
7.08 0 0 0 0 -0.0261799 0 0.0350057
7.09 0 0 0 0 -0.0298102 0 0.0347284
7.1 0 0 0 0 -0.0338943 0 0.0344114
7.11 0 0 0 0 -0.0372104 0 0.0340572
7.12 0 0 0 0 -0.0404916 0 0.0336694
7.13 0 0 0 0 -0.0435634 0 0.0332504
7.14 0 0 0 0 -0.0463909 0 0.0328027
7.15 0 0 0 0 -0.0489041 0 0.0323282
7.16 0 0 0 0 -0.051208 0 0.0318286
7.17 0 0 0 0 -0.0535118 0 0.0313057
7.18 0 0 0 0 -0.0555364 0 0.0307611
7.19 0 0 0 0 -0.0575959 0 0.030197
7.2 0 0 0 0 -0.0591318 0 0.0296147
7.21 0 0 0 0 -0.0606327 0 0.0290161
7.22 0 0 0 0 -0.0621686 0 0.0284025
7.23 0 0 0 0 -0.0637045 0 0.0277752
7.24 0 0 0 0 -0.0647168 0 0.0271348
7.25 0 0 0 0 -0.0657291 0 0.0264827
7.26 0 0 0 0 -0.0667414 0 0.0258202
7.27 0 0 0 0 -0.0676839 0 0.0251484
7.28 0 0 0 0 -0.0684867 0 0.0244681
7.29 0 0 0 0 -0.0692896 0 0.0237795
7.3 0 0 0 0 -0.0699877 0 0.0230832
7.31 0 0 0 0 -0.0707906 0 0.0223794
7.32 0 0 0 0 -0.0714887 0 0.0216685
7.33 0 0 0 0 -0.0720821 0 0.0209509
7.34 0 0 0 0 -0.0727104 0 0.0202269
7.35 0 0 0 0 -0.0733387 0 0.0194969
7.36 0 0 0 0 -0.0738972 0 0.0187609
7.37 0 0 0 0 -0.0744557 0 0.0180194
7.38 0 0 0 0 -0.0750143 0 0.0172724
7.39 0 0 0 0 -0.075468 0 0.0165203
7.4 0 0 0 0 -0.0760265 0 0.0157633
7.41 0 0 0 0 -0.0766549 0 0.0150004
7.42 0 0 0 0 -0.0773879 0 0.0142307
7.43 0 0 0 0 -0.0782606 0 0.013453
7.44 0 0 0 0 -0.0792379 0 0.0126662
7.45 0 0 0 0 -0.0803201 0 0.0118692
7.46 0 0 0 0 -0.0814371 0 0.0110608
7.47 0 0 0 0 -0.0822399 0 0.0102422
7.48 0 0 0 0 -0.082973 0 0.0094156
7.49 0 0 0 0 -0.0834267 0 0.00858353
7.5 0 0 0 0 -0.0836013 0 0.00774835
7.51 0 0 0 0 -0.0835315 0 0.00691252
7.52 0 0 0 0 -0.083322 0 0.00607821
7.53 0 0 0 0 -0.0831126 0 0.00524604
7.54 0 0 0 0 -0.0829031 0 0.00441596
7.55 0 0 0 0 -0.0826937 0 0.00358794
7.56 0 0 0 0 -0.0824843 0 0.00276197
7.57 0 0 0 0 -0.0822748 0 0.00193802
7.58 0 0 0 0 -0.0818629 0 0.00111693
7.59 0 0 0 0 -0.0811767 0 0.000301175
7.6 0 0 0 0 -0.0802223 0 -0.000506536
7.61 0 0 0 0 -0.0790006 0 -0.0013035
7.62 0 0 0 0 -0.0775101 0 -0.00208702
7.63 0 0 0 0 -0.0758346 0 -0.00285463
7.64 0 0 0 0 -0.0740718 0 -0.00360508
7.65 0 0 0 0 -0.0721868 0 -0.00433763
7.66 0 0 0 0 -0.0703019 0 -0.00505133
7.67 0 0 0 0 -0.0682773 0 -0.00574545
7.68 0 0 0 0 -0.0661829 0 -0.00641911
7.69 0 0 0 0 -0.0639838 0 -0.00707124
7.7 0 0 0 0 -0.0615752 0 -0.00770043
7.71 0 0 0 0 -0.059027 0 -0.00830508
7.72 0 0 0 0 -0.0566883 0 -0.00888373
7.73 0 0 0 0 -0.0535118 0 -0.00943483
7.74 0 0 0 0 -0.0505796 0 -0.00995682
7.75 0 0 0 0 -0.0474031 0 -0.0104483
7.76 0 0 0 0 -0.0442965 0 -0.0109083
7.77 0 0 0 0 -0.0411549 0 -0.0113371
7.78 0 0 0 0 -0.038118 0 -0.0117352
7.79 0 0 0 0 -0.035116 0 -0.0121029
7.8 0 0 0 0 -0.0324631 0 -0.0124408
7.81 0 0 0 0 -0.0292517 0 -0.0127492
7.82 0 0 0 0 -0.0263894 0 -0.0130287
7.83 0 0 0 0 -0.023527 0 -0.0132797
7.84 0 0 0 0 -0.0207694 0 -0.0135025
7.85 0 0 0 0 -0.0180467 0 -0.0136978
7.86 0 0 0 0 -0.0154287 0 -0.0138664
7.87 0 0 0 0 -0.0128805 0 -0.0140091
7.88 0 0 0 0 -0.0104022 0 -0.0141266
7.89 0 0 0 0 -0.00799361 0 -0.0142198
7.9 0 0 0 0 -0.00568977 0 -0.0142894
7.91 0 0 0 0 -0.00345575 0 -0.0143362
7.92 0 0 0 0 -0.00129154 0 -0.0143611
7.93 0 0 0 0 0.000767945 0 -0.0143647
7.94 0 0 0 0 0.00279253 0 -0.014348
7.95 0 0 0 0 0.00471239 0 -0.0143116
7.96 0 0 0 0 0.00652753 0 -0.0142561
7.97 0 0 0 0 0.00820305 0 -0.0141823
7.98 0 0 0 0 0.010088 0 -0.0140908
7.99 0 0 0 0 0.0117635 0 -0.0139823
8 0 0 0 0 0.0133692 0 -0.0138574
8.01 0 0 0 0 0.0149051 0 -0.0137168
8.02 0 0 0 0 0.0164061 0 -0.0135611
8.03 0 0 0 0 0.0176627 0 -0.0133909
8.04 0 0 0 0 0.0190939 0 -0.0132071
8.05 0 0 0 0 0.0204204 0 -0.0130101
8.06 0 0 0 0 0.0216072 0 -0.0128007
8.07 0 0 0 0 0.0227591 0 -0.0125793
8.08 0 0 0 0 0.0238761 0 -0.0123466
8.09 0 0 0 0 0.0249233 0 -0.0121032
8.1 0 0 0 0 0.0258309 0 -0.0118496
8.11 0 0 0 0 0.0268083 0 -0.0115864
8.12 0 0 0 0 0.0276809 0 -0.0113144
8.13 0 0 0 0 0.0284838 0 -0.0110339
8.14 0 0 0 0 0.0292517 0 -0.0107457
8.15 0 0 0 0 0.0299149 0 -0.0104503
8.16 0 0 0 0 0.0305782 0 -0.0101481
8.17 0 0 0 0 0.0311367 0 -0.00983989
8.18 0 0 0 0 0.0316952 0 -0.00952601
8.19 0 0 0 0 0.0321141 0 -0.00920703
8.2 0 0 0 0 0.0326028 0 -0.00888352
8.21 0 0 0 0 0.0329518 0 -0.00855599
8.22 0 0 0 0 0.033266 0 -0.008225
8.23 0 0 0 0 0.0335452 0 -0.00789105
8.24 0 0 0 0 0.0337896 0 -0.00755455
8.25 0 0 0 0 0.0339641 0 -0.00721578
8.26 0 0 0 0 0.0341386 0 -0.00687517
8.27 0 0 0 0 0.0342783 0 -0.00653298
8.28 0 0 0 0 0.034383 0 -0.00618957
8.29 0 0 0 0 0.0344528 0 -0.00584528
8.3 0 0 0 0 0.0344877 0 -0.00550044
8.31 0 0 0 0 0.0345226 0 -0.00515539
8.32 0 0 0 0 0.0344528 0 -0.00481044
8.33 0 0 0 0 0.034383 0 -0.00446612
8.34 0 0 0 0 0.0342783 0 -0.00412282
8.35 0 0 0 0 0.0341037 0 -0.00378098
8.36 0 0 0 0 0.0338664 0 -0.00344106
8.37 0 0 0 0 0.0336116 0 -0.00310348
8.38 0 0 0 0 0.0333079 0 -0.00276873
8.39 0 0 0 0 0.0329588 0 -0.00243718
8.4 0 0 0 0 0.0325678 0 -0.00210932
8.41 0 0 0 0 0.032142 0 -0.00178554
8.42 0 0 0 0 0.0316777 0 -0.0014662
8.43 0 0 0 0 0.0311716 0 -0.00115166
8.44 0 0 0 0 0.0306934 0 -0.000842292
8.45 0 0 0 0 0.030065 0 -0.000538462
8.46 0 0 0 0 0.0294545 0 -0.000240531
8.47 0 0 0 0 0.0288077 0 5.11343e-05
8.48 0 0 0 0 0.0281232 0 0.000336169
8.49 0 0 0 0 0.0274087 0 0.000614209
8.5 0 0 0 0 0.0266756 0 0.000885001
8.51 0 0 0 0 0.0259321 0 0.00114842
8.52 0 0 0 0 0.0251781 0 0.00140434
8.53 0 0 0 0 0.024487 0 0.00165267
8.54 0 0 0 0 0.0236318 0 0.00189327
8.55 0 0 0 0 0.0228429 0 0.00212605
8.56 0 0 0 0 0.0220435 0 0.00235087
8.57 0 0 0 0 0.0212267 0 0.00256762
8.58 0 0 0 0 0.0204099 0 0.00277622
8.59 0 0 0 0 0.0195686 0 0.00297653
8.6 0 0 0 0 0.0188321 0 0.00316856
8.61 0 0 0 0 0.0179141 0 0.00335233
8.62 0 0 0 0 0.0171042 0 0.0035279
8.63 0 0 0 0 0.0163014 0 0.00369528
8.64 0 0 0 0 0.0154985 0 0.00385449
8.65 0 0 0 0 0.0146608 0 0.0040056
8.66 0 0 0 0 0.0138579 0 0.00414858
8.67 0 0 0 0 0.0130202 0 0.00428353
8.68 0 0 0 0 0.0122522 0 0.00441041
8.69 0 0 0 0 0.0115192 0 0.0045293
8.7 0 0 0 0 0.0106814 0 0.00464031
8.71 0 0 0 0 0.00987856 0 0.00474356
8.72 0 0 0 0 0.00914553 0 0.00483913
8.73 0 0 0 0 0.00837758 0 0.0049272
8.74 0 0 0 0 0.00764454 0 0.00500784
8.75 0 0 0 0 0.0069115 0 0.00508118
8.76 0 0 0 0 0.00621337 0 0.00514733
8.77 0 0 0 0 0.00551524 0 0.00520642
8.78 0 0 0 0 0.00492183 0 0.00525857
8.79 0 0 0 0 0.00415388 0 0.00530392
8.8 0 0 0 0 0.00352557 0 0.00534256
8.81 0 0 0 0 0.00289725 0 0.00537474
8.82 0 0 0 0 0.00223402 0 0.00540061
8.83 0 0 0 0 0.00164061 0 0.00542033
8.84 0 0 0 0 0.0010472 0 0.00543408
8.85 0 0 0 0 0.000523599 0 0.00544201
8.86 0 0 0 0 -6.98132e-05 0 0.00544435
8.87 0 0 0 0 -0.000593412 0 0.0054412
8.88 0 0 0 0 -0.00111701 0 0.00543276
8.89 0 0 0 0 -0.00164061 0 0.00541925
8.9 0 0 0 0 -0.0020944 0 0.00540071
8.91 0 0 0 0 -0.00258309 0 0.00537729
8.92 0 0 0 0 -0.00307178 0 0.00534905
8.93 0 0 0 0 -0.00356047 0 0.0053161
8.94 0 0 0 0 -0.00397935 0 0.00527843
8.95 0 0 0 0 -0.00446804 0 0.0052362
8.96 0 0 0 0 -0.00492183 0 0.00518942
8.97 0 0 0 0 -0.00534071 0 0.00513821
8.98 0 0 0 0 -0.00579449 0 0.00508268
8.99 0 0 0 0 -0.00621337 0 0.00502281
9 0 0 0 0 -0.00663225 0 0.00495879
9.01 0 0 0 0 -0.00701622 0 0.00489066
9.02 0 0 0 0 -0.0074351 0 0.00481857
9.03 0 0 0 0 -0.00778417 0 0.00474262
9.04 0 0 0 0 -0.00816814 0 0.00466296
9.05 0 0 0 0 -0.00851721 0 0.00457967
9.06 0 0 0 0 -0.00886627 0 0.00449286
9.07 0 0 0 0 -0.00921534 0 0.0044027
9.08 0 0 0 0 -0.0095295 0 0.00430929
9.09 0 0 0 0 -0.00980875 0 0.00421267
9.1 0 0 0 0 -0.010088 0 0.00411308
9.11 0 0 0 0 -0.0104022 0 0.00401063
9.12 0 0 0 0 -0.0106465 0 0.00390552
9.13 0 0 0 0 -0.0108909 0 0.00379798
9.14 0 0 0 0 -0.0111003 0 0.00368813
9.15 0 0 0 0 -0.0112748 0 0.00357621
9.16 0 0 0 0 -0.0114668 0 0.00346242
9.17 0 0 0 0 -0.0116204 0 0.00334693
9.18 0 0 0 0 -0.011774 0 0.00322995
9.19 0 0 0 0 -0.0118752 0 0.00311166
9.2 0 0 0 0 -0.0119764 0 0.00299223
9.21 0 0 0 0 -0.0120777 0 0.00287188
9.22 0 0 0 0 -0.0121545 0 0.00275079
9.23 0 0 0 0 -0.0122068 0 0.00262911
9.24 0 0 0 0 -0.0122208 0 0.00250705
9.25 0 0 0 0 -0.0122313 0 0.00238478
9.26 0 0 0 0 -0.0122243 0 0.00226248
9.27 0 0 0 0 -0.0121964 0 0.00214035
9.28 0 0 0 0 -0.012158 0 0.00201855
9.29 0 0 0 0 -0.0120951 0 0.00189727
9.3 0 0 0 0 -0.0120148 0 0.0017767
9.31 0 0 0 0 -0.0119206 0 0.00165698
9.32 0 0 0 0 -0.0118159 0 0.00153825
9.33 0 0 0 0 -0.0116937 0 0.00142061
9.34 0 0 0 0 -0.0115715 0 0.0013042
9.35 0 0 0 0 -0.0114389 0 0.00118913
9.36 0 0 0 0 -0.0112783 0 0.00107552
9.37 0 0 0 0 -0.0111108 0 0.000963492
9.38 0 0 0 0 -0.0109327 0 0.000853169
9.39 0 0 0 0 -0.0107442 0 0.000744669
9.4 0 0 0 0 -0.0105453 0 0.000638117
9.41 0 0 0 0 -0.0103323 0 0.00053362
9.42 0 0 0 0 -0.0101089 0 0.000431288
9.43 0 0 0 0 -0.00987682 0 0.000331228
9.44 0 0 0 0 -0.00965865 0 0.000233544
9.45 0 0 0 0 -0.0093801 0 0.000138341
9.46 0 0 0 0 -0.00911551 0 4.57248e-05
9.47 0 0 0 0 -0.00884044 0 -4.41994e-05
9.48 0 0 0 0 -0.00855491 0 -0.000131326
9.49 0 0 0 0 -0.0082589 0 -0.00021555
9.5 0 0 0 0 -0.00795277 0 -0.000296766
9.51 0 0 0 0 -0.00764105 0 -0.000374897
9.52 0 0 0 0 -0.00733387 0 -0.000449918
9.53 0 0 0 0 -0.00704764 0 -0.000521822
9.54 0 0 0 0 -0.00670206 0 -0.000590588
9.55 0 0 0 0 -0.00638791 0 -0.000656202
9.56 0 0 0 0 -0.00607026 0 -0.00071865
9.57 0 0 0 0 -0.0057561 0 -0.000777918
9.58 0 0 0 0 -0.00543146 0 -0.000833995
9.59 0 0 0 0 -0.00511032 0 -0.000886861
9.6 0 0 0 0 -0.00481711 0 -0.000936502
9.61 0 0 0 0 -0.00446804 0 -0.000982924
9.62 0 0 0 0 -0.00415737 0 -0.0010262
9.63 0 0 0 0 -0.00385369 0 -0.00106641
9.64 0 0 0 0 -0.00356047 0 -0.00110364
9.65 0 0 0 0 -0.00327773 0 -0.00113799
9.66 0 0 0 0 -0.00300546 0 -0.00116953
9.67 0 0 0 0 -0.00273668 0 -0.00119836
9.68 0 0 0 0 -0.00247837 0 -0.00122456
9.69 0 0 0 0 -0.00225497 0 -0.00124823
9.7 0 0 0 0 -0.00198968 0 -0.00126944
9.71 0 0 0 0 -0.00175929 0 -0.00128828
9.72 0 0 0 0 -0.00153589 0 -0.00130486
9.73 0 0 0 0 -0.00132296 0 -0.00131926
9.74 0 0 0 0 -0.00112399 0 -0.00133157
9.75 0 0 0 0 -0.000928515 0 -0.00134191
9.76 0 0 0 0 -0.00074351 0 -0.00135035
9.77 0 0 0 0 -0.000568977 0 -0.00135701
9.78 0 0 0 0 -0.000418879 0 -0.00136197
9.79 0 0 0 0 -0.000251327 0 -0.00136534
9.8 0 0 0 0 -0.00010821 0 -0.0013672
9.81 0 0 0 0 2.79253e-05 0 -0.00136766
9.82 0 0 0 0 0.00016057 0 -0.00136678
9.83 0 0 0 0 0.000289725 0 -0.00136459
9.84 0 0 0 0 0.000415388 0 -0.0013611
9.85 0 0 0 0 0.000534071 0 -0.00135634
9.86 0 0 0 0 0.000670206 0 -0.00135033
9.87 0 0 0 0 0.000792379 0 -0.00134309
9.88 0 0 0 0 0.000911062 0 -0.00133462
9.89 0 0 0 0 0.00103323 0 -0.00132496
9.9 0 0 0 0 0.00115192 0 -0.00131412
9.91 0 0 0 0 0.00126362 0 -0.00130212
9.92 0 0 0 0 0.00137881 0 -0.00128897
9.93 0 0 0 0 0.00149749 0 -0.00127467
9.94 0 0 0 0 0.00160221 0 -0.00125918
9.95 0 0 0 0 0.00173486 0 -0.00124248
9.96 0 0 0 0 0.00186052 0 -0.00122455
9.97 0 0 0 0 0.00198618 0 -0.00120537
9.98 0 0 0 0 0.00211534 0 -0.00118492
9.99 0 0 0 0 0.00225147 0 -0.00116316
10 0 0 0 0 0.00238063 0 -0.00114008
