0
0.0627905
0.125333
0.187381
0.24869
0.309017
0.368125
0.425779
0.481754
0.535827
0.587785
0.637424
0.684547
0.728969
0.770513
0.809017
0.844328
0.876307
0.904827
0.929776
0.951057
0.968583
0.982287
0.992115
0.998027
1
0.998027
0.992115
0.982287
0.968583
0.951057
0.929776
0.904827
0.876307
0.844328
0.809017
0.770513
0.728969
0.684547
0.637424
0.587785
0.535827
0.481754
0.425779
0.368125
0.309017
0.24869
0.187381
0.125333
0.0627905
5.66554e-16
-0.0627905
-0.125333
-0.187381
-0.24869
-0.309017
-0.368125
-0.425779
-0.481754
-0.535827
-0.587785
-0.637424
-0.684547
-0.728969
-0.770513
-0.809017
-0.844328
-0.876307
-0.904827
-0.929776
-0.951057
-0.968583
-0.982287
-0.992115
-0.998027
-1
-0.998027
-0.992115
-0.982287
-0.968583
-0.951057
-0.929776
-0.904827
-0.876307
-0.844328
-0.809017
-0.770513
-0.728969
-0.684547
-0.637424
-0.587785
-0.535827
-0.481754
-0.425779
-0.368125
-0.309017
-0.24869
-0.187381
-0.125333
-0.0627905
-1.13311e-15
0.0627905
0.125333
0.187381
0.24869
0.309017
0.368125
0.425779
0.481754
0.535827
0.587785
0.637424
0.684547
0.728969
0.770513
0.809017
0.844328
0.876307
0.904827
0.929776
0.951057
0.968583
0.982287
0.992115
0.998027
1
0.998027
0.992115
0.982287
0.968583
0.951057
0.929776
0.904827
0.876307
0.844328
0.809017
0.770513
0.728969
0.684547
0.637424
0.587785
0.535827
0.481754
0.425779
0.368125
0.309017
0.24869
0.187381
0.125333
0.0627905
2.14375e-15
-0.0627905
-0.125333
-0.187381
-0.24869
-0.309017
-0.368125
-0.425779
-0.481754
-0.535827
-0.587785
-0.637424
-0.684547
-0.728969
-0.770513
-0.809017
-0.844328
-0.876307
-0.904827
-0.929776
-0.951057
-0.968583
-0.982287
-0.992115
-0.998027
-1
-0.998027
-0.992115
-0.982287
-0.968583
-0.951057
-0.929776
-0.904827
-0.876307
-0.844328
-0.809017
-0.770513
-0.728969
-0.684547
-0.637424
-0.587785
-0.535827
-0.481754
-0.425779
-0.368125
-0.309017
-0.24869
-0.187381
-0.125333
-0.0627905
-2.26622e-15
0.0627905
0.125333
0.187381
0.24869
0.309017
0.368125
0.425779
0.481754
0.535827
0.587785
0.637424
0.684547
0.728969
0.770513
0.809017
0.844328
0.876307
0.904827
0.929776
0.951057
0.968583
0.982287
0.992115
0.998027
1
0.998027
0.992115
0.982287
0.968583
0.951057
0.929776
0.904827
0.876307
0.844328
0.809017
0.770513
0.728969
0.684547
0.637424
0.587785
0.535827
0.481754
0.425779
0.368125
0.309017
0.24869
0.187381
0.125333
0.0627905
2.38868e-15
-0.0627905
-0.125333
-0.187381
-0.24869
-0.309017
-0.368125
-0.425779
-0.481754
-0.535827
-0.587785
-0.637424
-0.684547
-0.728969
-0.770513
-0.809017
-0.844328
-0.876307
-0.904827
-0.929776
-0.951057
-0.968583
-0.982287
-0.992115
-0.998027
-1
-0.998027
-0.992115
-0.982287
-0.968583
-0.951057
-0.929776
-0.904827
-0.876307
-0.844328
-0.809017
-0.770513
-0.728969
-0.684547
-0.637424
-0.587785
-0.535827
-0.481754
-0.425779
-0.368125
-0.309017
-0.24869
-0.187381
-0.125333
-0.0627905
-4.2875e-15
0.0627905
0.125333
0.187381
0.24869
0.309017
0.368125
0.425779
0.481754
0.535827
0.587785
0.637424
0.684547
0.728969
0.770513
0.809017
0.844328
0.876307
0.904827
0.929776
0.951057
0.968583
0.982287
0.992115
0.998027
1
0.998027
0.992115
0.982287
0.968583
0.951057
0.929776
0.904827
0.876307
0.844328
0.809017
0.770513
0.728969
0.684547
0.637424
0.587785
0.535827
0.481754
0.425779
0.368125
0.309017
0.24869
0.187381
0.125333
0.0627905
4.40997e-15
-0.0627905
-0.125333
-0.187381
-0.24869
-0.309017
-0.368125
-0.425779
-0.481754
-0.535827
-0.587785
-0.637424
-0.684547
-0.728969
-0.770513
-0.809017
-0.844328
-0.876307
-0.904827
-0.929776
-0.951057
-0.968583
-0.982287
-0.992115
-0.998027
-1
-0.998027
-0.992115
-0.982287
-0.968583
-0.951057
-0.929776
-0.904827
-0.876307
-0.844328
-0.809017
-0.770513
-0.728969
-0.684547
-0.637424
-0.587785
-0.535827
-0.481754
-0.425779
-0.368125
-0.309017
-0.24869
-0.187381
-0.125333
-0.0627905
-4.53243e-15
0.0627905
0.125333
0.187381
0.24869
0.309017
0.368125
0.425779
0.481754
0.535827
0.587785
0.637424
0.684547
0.728969
0.770513
0.809017
0.844328
0.876307
0.904827
0.929776
0.951057
0.968583
0.982287
0.992115
0.998027
1
0.998027
0.992115
0.982287
0.968583
0.951057
0.929776
0.904827
0.876307
0.844328
0.809017
0.770513
0.728969
0.684547
0.637424
0.587785
0.535827
0.481754
0.425779
0.368125
0.309017
0.24869
0.187381
0.125333
0.0627905
4.6549e-15
-0.0627905
-0.125333
-0.187381
-0.24869
-0.309017
-0.368125
-0.425779
-0.481754
-0.535827
-0.587785
-0.637424
-0.684547
-0.728969
-0.770513
-0.809017
-0.844328
-0.876307
-0.904827
-0.929776
-0.951057
-0.968583
-0.982287
-0.992115
-0.998027
-1
-0.998027
-0.992115
-0.982287
-0.968583
-0.951057
-0.929776
-0.904827
-0.876307
-0.844328
-0.809017
-0.770513
-0.728969
-0.684547
-0.637424
-0.587785
-0.535827
-0.481754
-0.425779
-0.368125
-0.309017
-0.24869
-0.187381
-0.125333
-0.0627905
-4.77736e-15
0.0627905
0.125333
0.187381
0.24869
0.309017
0.368125
0.425779
0.481754
0.535827
0.587785
0.637424
0.684547
0.728969
0.770513
0.809017
0.844328
0.876307
0.904827
0.929776
0.951057
0.968583
0.982287
0.992115
0.998027
1
0.998027
0.992115
0.982287
0.968583
0.951057
0.929776
0.904827
0.876307
0.844328
0.809017
0.770513
0.728969
0.684547
0.637424
0.587785
0.535827
0.481754
0.425779
0.368125
0.309017
0.24869
0.187381
0.125333
0.0627905
4.89983e-15
-0.0627905
-0.125333
-0.187381
-0.24869
-0.309017
-0.368125
-0.425779
-0.481754
-0.535827
-0.587785
-0.637424
-0.684547
-0.728969
-0.770513
-0.809017
-0.844328
-0.876307
-0.904827
-0.929776
-0.951057
-0.968583
-0.982287
-0.992115
-0.998027
-1
-0.998027
-0.992115
-0.982287
-0.968583
-0.951057
-0.929776
-0.904827
-0.876307
-0.844328
-0.809017
-0.770513
-0.728969
-0.684547
-0.637424
-0.587785
-0.535827
-0.481754
-0.425779
-0.368125
-0.309017
-0.24869
-0.187381
-0.125333
-0.0627905
-8.575e-15
0.0627905
0.125333
0.187381
0.24869
0.309017
0.368125
0.425779
0.481754
0.535827
0.587785
0.637424
0.684547
0.728969
0.770513
0.809017
0.844328
0.876307
0.904827
0.929776
0.951057
0.968583
0.982287
0.992115
0.998027
1
0.998027
0.992115
0.982287
0.968583
0.951057
0.929776
0.904827
0.876307
0.844328
0.809017
0.770513
0.728969
0.684547
0.637424
0.587785
0.535827
0.481754
0.425779
0.368125
0.309017
0.24869
0.187381
0.125333
0.0627905
5.14475e-15
-0.0627905
-0.125333
-0.187381
-0.24869
-0.309017
-0.368125
-0.425779
-0.481754
-0.535827
-0.587785
-0.637424
-0.684547
-0.728969
-0.770513
-0.809017
-0.844328
-0.876307
-0.904827
-0.929776
-0.951057
-0.968583
-0.982287
-0.992115
-0.998027
-1
-0.998027
-0.992115
-0.982287
-0.968583
-0.951057
-0.929776
-0.904827
-0.876307
-0.844328
-0.809017
-0.770513
-0.728969
-0.684547
-0.637424
-0.587785
-0.535827
-0.481754
-0.425779
-0.368125
-0.309017
-0.24869
-0.187381
-0.125333
-0.0627905
-8.81993e-15
0.0627905
0.125333
0.187381
0.24869
0.309017
0.368125
0.425779
0.481754
0.535827
0.587785
0.637424
0.684547
0.728969
0.770513
0.809017
0.844328
0.876307
0.904827
0.929776
0.951057
0.968583
0.982287
0.992115
0.998027
1
0.998027
0.992115
0.982287
0.968583
0.951057
0.929776
0.904827
0.876307
0.844328
0.809017
0.770513
0.728969
0.684547
0.637424
0.587785
0.535827
0.481754
0.425779
0.368125
0.309017
0.24869
0.187381
0.125333
0.0627905
5.38968e-15
-0.0627905
-0.125333
-0.187381
-0.24869
-0.309017
-0.368125
-0.425779
-0.481754
-0.535827
-0.587785
-0.637424
-0.684547
-0.728969
-0.770513
-0.809017
-0.844328
-0.876307
-0.904827
-0.929776
-0.951057
-0.968583
-0.982287
-0.992115
-0.998027
-1
-0.998027
-0.992115
-0.982287
-0.968583
-0.951057
-0.929776
-0.904827
-0.876307
-0.844328
-0.809017
-0.770513
-0.728969
-0.684547
-0.637424
-0.587785
-0.535827
-0.481754
-0.425779
-0.368125
-0.309017
-0.24869
-0.187381
-0.125333
-0.0627905
-9.06486e-15
0.0627905
0.125333
0.187381
0.24869
0.309017
0.368125
0.425779
0.481754
0.535827
0.587785
0.637424
0.684547
0.728969
0.770513
0.809017
0.844328
0.876307
0.904827
0.929776
0.951057
0.968583
0.982287
0.992115
0.998027
1
0.998027
0.992115
0.982287
0.968583
0.951057
0.929776
0.904827
0.876307
0.844328
0.809017
0.770513
0.728969
0.684547
0.637424
0.587785
0.535827
0.481754
0.425779
0.368125
0.309017
0.24869
0.187381
0.125333
0.0627905
5.63461e-15
-0.0627905
-0.125333
-0.187381
-0.24869
-0.309017
-0.368125
-0.425779
-0.481754
-0.535827
-0.587785
-0.637424
-0.684547
-0.728969
-0.770513
-0.809017
-0.844328
-0.876307
-0.904827
-0.929776
-0.951057
-0.968583
-0.982287
-0.992115
-0.998027
-1
-0.998027
-0.992115
-0.982287
-0.968583
-0.951057
-0.929776
-0.904827
-0.876307
-0.844328
-0.809017
-0.770513
-0.728969
-0.684547
-0.637424
-0.587785
-0.535827
-0.481754
-0.425779
-0.368125
-0.309017
-0.24869
-0.187381
-0.125333
-0.0627905
-9.30979e-15
0.0627905
0.125333
0.187381
0.24869
0.309017
0.368125
0.425779
0.481754
0.535827
0.587785
0.637424
0.684547
0.728969
0.770513
0.809017
0.844328
0.876307
0.904827
0.929776
0.951057
0.968583
0.982287
0.992115
0.998027
1
0.998027
0.992115
0.982287
0.968583
0.951057
0.929776
0.904827
0.876307
0.844328
0.809017
0.770513
0.728969
0.684547
0.637424
0.587785
0.535827
0.481754
0.425779
0.368125
0.309017
0.24869
0.187381
0.125333
0.0627905
1.2985e-14
-0.0627905
-0.125333
-0.187381
-0.24869
-0.309017
-0.368125
-0.425779
-0.481754
-0.535827
-0.587785
-0.637424
-0.684547
-0.728969
-0.770513
-0.809017
-0.844328
-0.876307
-0.904827
-0.929776
-0.951057
-0.968583
-0.982287
-0.992115
-0.998027
-1
-0.998027
-0.992115
-0.982287
-0.968583
-0.951057
-0.929776
-0.904827
-0.876307
-0.844328
-0.809017
-0.770513
-0.728969
-0.684547
-0.637424
-0.587785
-0.535827
-0.481754
-0.425779
-0.368125
-0.309017
-0.24869
-0.187381
-0.125333
-0.0627905
