-2 -2 0 0
-2 -1.84 0 0
-2 -1.68 0 0
-2 -1.52 0 0
-2 -1.36 0 0
-2 -1.2 0 0
-2 -1.04 0 0
-2 -0.88 0 0
-2 -0.72 0 0
-2 -0.56 0 0
-2 -0.4 0 0
-2 -0.24 0 0
-2 -0.08 0 0
-2 0.08 0 0
-2 0.24 0 0
-2 0.4 0 0
-2 0.56 0 0
-2 0.72 0 0
-2 0.88 0 0
-2 1.04 0 0
-2 1.2 0 0
-2 1.36 0 0
-2 1.52 0 0
-2 1.68 0 0
-2 1.84 0 0
-2 2 0 0
-1.84 -2 0 0
-1.84 -1.84 0 0
-1.84 -1.68 0 0
-1.84 -1.52 0 0
-1.84 -1.36 0 0
-1.84 -1.2 0 0
-1.84 -1.04 0 0
-1.84 -0.88 0 0
-1.84 -0.72 -7.0443e-05 -5.84759e-08
-1.84 -0.56 -0.000729631 -6.1067e-06
-1.84 -0.4 -0.00173626 -3.38547e-05
-1.84 -0.24 -0.00268317 -7.96752e-05
-1.84 -0.08 -0.00324665 -0.000115783
-1.84 0.08 -0.00324665 -0.000115783
-1.84 0.24 -0.00268317 -7.96752e-05
-1.84 0.4 -0.00173626 -3.38547e-05
-1.84 0.56 -0.000729631 -6.1067e-06
-1.84 0.72 -7.0443e-05 -5.84759e-08
-1.84 0.88 0 0
-1.84 1.04 0 0
-1.84 1.2 0 0
-1.84 1.36 0 0
-1.84 1.52 0 0
-1.84 1.68 0 0
-1.84 1.84 0 0
-1.84 2 0 0
-1.68 -2 0 0
-1.68 -1.84 0 0
-1.68 -1.68 0 0
-1.68 -1.52 0 0
-1.68 -1.36 0 0
-1.68 -1.2 0 0
-1.68 -1.04 -7.0443e-05 -5.84759e-08
-1.68 -0.88 -0.00134784 -2.05487e-05
-1.68 -0.72 -0.00387369 -0.000163577
-1.68 -0.56 -0.00707728 -0.000529014
-1.68 -0.4 -0.0103056 -0.00109389
-1.68 -0.24 -0.0129104 -0.00168702
-1.68 -0.08 -0.0143624 -0.0020692
-1.68 0.08 -0.0143624 -0.0020692
-1.68 0.24 -0.0129104 -0.00168702
-1.68 0.4 -0.0103056 -0.00109389
-1.68 0.56 -0.00707728 -0.000529014
-1.68 0.72 -0.00387369 -0.000163577
-1.68 0.88 -0.00134784 -2.05487e-05
-1.68 1.04 -7.0443e-05 -5.84759e-08
-1.68 1.2 0 0
-1.68 1.36 0 0
-1.68 1.52 0 0
-1.68 1.68 0 0
-1.68 1.84 0 0
-1.68 2 0 0
-1.52 -2 0 0
-1.52 -1.84 0 0
-1.52 -1.68 0 0
-1.52 -1.52 0 0
-1.52 -1.36 0 0
-1.52 -1.2 -0.000495587 -2.83678e-06
-1.52 -1.04 -0.00324665 -0.000115783
-1.52 -0.88 -0.00806855 -0.000681947
-1.52 -0.72 -0.0143624 -0.0020692
-1.52 -0.56 -0.0212951 -0.00438113
-1.52 -0.4 -0.0278562 -0.00727398
-1.52 -0.24 -0.0329945 -0.00999124
-1.52 -0.08 -0.0358207 -0.0116482
-1.52 0.08 -0.0358207 -0.0116482
-1.52 0.24 -0.0329945 -0.00999124
-1.52 0.4 -0.0278562 -0.00727398
-1.52 0.56 -0.0212951 -0.00438113
-1.52 0.72 -0.0143624 -0.0020692
-1.52 0.88 -0.00806855 -0.000681947
-1.52 1.04 -0.00324665 -0.000115783
-1.52 1.2 -0.000495587 -2.83678e-06
-1.52 1.36 0 0
-1.52 1.52 0 0
-1.52 1.68 0 0
-1.52 1.84 0 0
-1.52 2 0 0
-1.36 -2 0 0
-1.36 -1.84 0 0
-1.36 -1.68 0 0
-1.36 -1.52 0 0
-1.36 -1.36 -0.000729631 -6.1067e-06
-1.36 -1.2 -0.00456717 -0.000225638
-1.36 -1.04 -0.0115597 -0.00136447
-1.36 -0.88 -0.0212951 -0.00438113
-1.36 -0.72 -0.0329945 -0.00999124
-1.36 -0.56 -0.0454603 -0.0181284
-1.36 -0.4 -0.0571208 -0.027586
-1.36 -0.24 -0.0662331 -0.0361322
-1.36 -0.08 -0.0712502 -0.0412484
-1.36 0.08 -0.0712502 -0.0412484
-1.36 0.24 -0.0662331 -0.0361322
-1.36 0.4 -0.0571208 -0.027586
-1.36 0.56 -0.0454603 -0.0181284
-1.36 0.72 -0.0329945 -0.00999124
-1.36 0.88 -0.0212951 -0.00438113
-1.36 1.04 -0.0115597 -0.00136447
-1.36 1.2 -0.00456717 -0.000225638
-1.36 1.36 -0.000729631 -6.1067e-06
-1.36 1.52 0 0
-1.36 1.68 0 0
-1.36 1.84 0 0
-1.36 2 0 0
-1.2 -2 0 0
-1.2 -1.84 0 0
-1.2 -1.68 0 0
-1.2 -1.52 -0.000495587 -2.83678e-06
-1.2 -1.36 -0.00456717 -0.000225638
-1.2 -1.2 -0.0129104 -0.00168702
-1.2 -1.04 -0.0255249 -0.00617037
-1.2 -0.88 -0.0420414 -0.0156866
-1.2 -0.72 -0.0615305 -0.0315993
-1.2 -0.56 -0.0823259 -0.0535285
-1.2 -0.4 -0.101984 -0.0784283
-1.2 -0.24 -0.117544 -0.100603
-1.2 -0.08 -0.126197 -0.113738
-1.2 0.08 -0.126197 -0.113738
-1.2 0.24 -0.117544 -0.100603
-1.2 0.4 -0.101984 -0.0784283
-1.2 0.56 -0.0823259 -0.0535285
-1.2 0.72 -0.0615305 -0.0315993
-1.2 0.88 -0.0420414 -0.0156866
-1.2 1.04 -0.0255249 -0.00617037
-1.2 1.2 -0.0129104 -0.00168702
-1.2 1.36 -0.00456717 -0.000225638
-1.2 1.52 -0.000495587 -2.83678e-06
-1.2 1.68 0 0
-1.2 1.84 0 0
-1.2 2 0 0
-1.04 -2 0 0
-1.04 -1.84 0 0
-1.04 -1.68 -7.0443e-05 -5.84759e-08
-1.04 -1.52 -0.00324665 -0.000115783
-1.04 -1.36 -0.0115597 -0.00136447
-1.04 -1.2 -0.0255249 -0.00617037
-1.04 -1.04 -0.0454603 -0.0181284
-1.04 -0.88 -0.0712502 -0.0412484
-1.04 -0.72 -0.101984 -0.0784283
-1.04 -0.56 -0.135508 -0.128432
-1.04 -0.4 -0.168082 -0.183536
-1.04 -0.24 -0.194565 -0.23141
-1.04 -0.08 -0.209583 -0.259378
-1.04 0.08 -0.209583 -0.259378
-1.04 0.24 -0.194565 -0.23141
-1.04 0.4 -0.168082 -0.183536
-1.04 0.56 -0.135508 -0.128432
-1.04 0.72 -0.101984 -0.0784283
-1.04 0.88 -0.0712502 -0.0412484
-1.04 1.04 -0.0454603 -0.0181284
-1.04 1.2 -0.0255249 -0.00617037
-1.04 1.36 -0.0115597 -0.00136447
-1.04 1.52 -0.00324665 -0.000115783
-1.04 1.68 -7.0443e-05 -5.84759e-08
-1.04 1.84 0 0
-1.04 2 0 0
-0.88 -2 0 0
-0.88 -1.84 0 0
-0.88 -1.68 -0.00134784 -2.05487e-05
-0.88 -1.52 -0.00806855 -0.000681947
-0.88 -1.36 -0.0212951 -0.00438113
-0.88 -1.2 -0.0420414 -0.0156866
-0.88 -1.04 -0.0712502 -0.0412484
-0.88 -0.88 -0.10949 -0.0888777
-0.88 -0.72 -0.15637 -0.163149
-0.88 -0.56 -0.209583 -0.259378
-0.88 -0.4 -0.262622 -0.362816
-0.88 -0.24 -0.301657 -0.451545
-0.88 -0.08 -0.322077 -0.503097
-0.88 0.08 -0.322077 -0.503097
-0.88 0.24 -0.301657 -0.451545
-0.88 0.4 -0.262622 -0.362816
-0.88 0.56 -0.209583 -0.259378
-0.88 0.72 -0.15637 -0.163149
-0.88 0.88 -0.10949 -0.0888777
-0.88 1.04 -0.0712502 -0.0412484
-0.88 1.2 -0.0420414 -0.0156866
-0.88 1.36 -0.0212951 -0.00438113
-0.88 1.52 -0.00806855 -0.000681947
-0.88 1.68 -0.00134784 -2.05487e-05
-0.88 1.84 0 0
-0.88 2 0 0
-0.72 -2 0 0
-0.72 -1.84 -7.0443e-05 -5.84759e-08
-0.72 -1.68 -0.00387369 -0.000163577
-0.72 -1.52 -0.0143624 -0.0020692
-0.72 -1.36 -0.0329945 -0.00999124
-0.72 -1.2 -0.0615305 -0.0315993
-0.72 -1.04 -0.101984 -0.0784283
-0.72 -0.88 -0.15637 -0.163149
-0.72 -0.72 -0.225985 -0.290392
-0.72 -0.56 -0.301657 -0.451545
-0.72 -0.4 -0.365034 -0.623163
-0.72 -0.24 -0.411374 -0.769977
-0.72 -0.08 -0.436094 -0.855187
-0.72 0.08 -0.436094 -0.855187
-0.72 0.24 -0.411374 -0.769977
-0.72 0.4 -0.365034 -0.623163
-0.72 0.56 -0.301657 -0.451545
-0.72 0.72 -0.225985 -0.290392
-0.72 0.88 -0.15637 -0.163149
-0.72 1.04 -0.101984 -0.0784283
-0.72 1.2 -0.0615305 -0.0315993
-0.72 1.36 -0.0329945 -0.00999124
-0.72 1.52 -0.0143624 -0.0020692
-0.72 1.68 -0.00387369 -0.000163577
-0.72 1.84 -7.0443e-05 -5.84759e-08
-0.72 2 0 0
-0.56 -2 0 0
-0.56 -1.84 -0.000729631 -6.1067e-06
-0.56 -1.68 -0.00707728 -0.000529014
-0.56 -1.52 -0.0212951 -0.00438113
-0.56 -1.36 -0.0454603 -0.0181284
-0.56 -1.2 -0.0823259 -0.0535285
-0.56 -1.04 -0.135508 -0.128432
-0.56 -0.88 -0.209583 -0.259378
-0.56 -0.72 -0.301657 -0.451545
-0.56 -0.56 -0.38773 -0.692885
-0.56 -0.4 -0.462053 -0.949296
-0.56 -0.24 -0.518578 -1.16709
-0.56 -0.08 -0.549787 -1.29212
-0.56 0.08 -0.549787 -1.29212
-0.56 0.24 -0.518578 -1.16709
-0.56 0.4 -0.462053 -0.949296
-0.56 0.56 -0.38773 -0.692885
-0.56 0.72 -0.301657 -0.451545
-0.56 0.88 -0.209583 -0.259378
-0.56 1.04 -0.135508 -0.128432
-0.56 1.2 -0.0823259 -0.0535285
-0.56 1.36 -0.0454603 -0.0181284
-0.56 1.52 -0.0212951 -0.00438113
-0.56 1.68 -0.00707728 -0.000529014
-0.56 1.84 -0.000729631 -6.1067e-06
-0.56 2 0 0
-0.4 -2 0 0
-0.4 -1.84 -0.00173626 -3.38547e-05
-0.4 -1.68 -0.0103056 -0.00109389
-0.4 -1.52 -0.0278562 -0.00727398
-0.4 -1.36 -0.0571208 -0.027586
-0.4 -1.2 -0.101984 -0.0784283
-0.4 -1.04 -0.168082 -0.183536
-0.4 -0.88 -0.262622 -0.362816
-0.4 -0.72 -0.365034 -0.623163
-0.4 -0.56 -0.462053 -0.949296
-0.4 -0.4 -0.549787 -1.29212
-0.4 -0.24 -0.620841 -1.57875
-0.4 -0.08 -0.662777 -1.74291
-0.4 0.08 -0.662777 -1.74291
-0.4 0.24 -0.620841 -1.57875
-0.4 0.4 -0.549787 -1.29212
-0.4 0.56 -0.462053 -0.949296
-0.4 0.72 -0.365034 -0.623163
-0.4 0.88 -0.262622 -0.362816
-0.4 1.04 -0.168082 -0.183536
-0.4 1.2 -0.101984 -0.0784283
-0.4 1.36 -0.0571208 -0.027586
-0.4 1.52 -0.0278562 -0.00727398
-0.4 1.68 -0.0103056 -0.00109389
-0.4 1.84 -0.00173626 -3.38547e-05
-0.4 2 0 0
-0.24 -2 0 0
-0.24 -1.84 -0.00268317 -7.96752e-05
-0.24 -1.68 -0.0129104 -0.00168702
-0.24 -1.52 -0.0329945 -0.00999124
-0.24 -1.36 -0.0662331 -0.0361322
-0.24 -1.2 -0.117544 -0.100603
-0.24 -1.04 -0.194565 -0.23141
-0.24 -0.88 -0.301657 -0.451545
-0.24 -0.72 -0.411374 -0.769977
-0.24 -0.56 -0.518578 -1.16709
-0.24 -0.4 -0.620841 -1.57875
-0.24 -0.24 -0.711844 -1.92354
-0.24 -0.08 -0.773744 -2.12413
-0.24 0.08 -0.773744 -2.12413
-0.24 0.24 -0.711844 -1.92354
-0.24 0.4 -0.620841 -1.57875
-0.24 0.56 -0.518578 -1.16709
-0.24 0.72 -0.411374 -0.769977
-0.24 0.88 -0.301657 -0.451545
-0.24 1.04 -0.194565 -0.23141
-0.24 1.2 -0.117544 -0.100603
-0.24 1.36 -0.0662331 -0.0361322
-0.24 1.52 -0.0329945 -0.00999124
-0.24 1.68 -0.0129104 -0.00168702
-0.24 1.84 -0.00268317 -7.96752e-05
-0.24 2 0 0
-0.08 -2 0 0
-0.08 -1.84 -0.00324665 -0.000115783
-0.08 -1.68 -0.0143624 -0.0020692
-0.08 -1.52 -0.0358207 -0.0116482
-0.08 -1.36 -0.0712502 -0.0412484
-0.08 -1.2 -0.126197 -0.113738
-0.08 -1.04 -0.209583 -0.259378
-0.08 -0.88 -0.322077 -0.503097
-0.08 -0.72 -0.436094 -0.855187
-0.08 -0.56 -0.549787 -1.29212
-0.08 -0.4 -0.662777 -1.74291
-0.08 -0.24 -0.773744 -2.12413
-0.08 -0.08 -0.873901 -2.35247
-0.08 0.08 -0.873901 -2.35247
-0.08 0.24 -0.773744 -2.12413
-0.08 0.4 -0.662777 -1.74291
-0.08 0.56 -0.549787 -1.29212
-0.08 0.72 -0.436094 -0.855187
-0.08 0.88 -0.322077 -0.503097
-0.08 1.04 -0.209583 -0.259378
-0.08 1.2 -0.126197 -0.113738
-0.08 1.36 -0.0712502 -0.0412484
-0.08 1.52 -0.0358207 -0.0116482
-0.08 1.68 -0.0143624 -0.0020692
-0.08 1.84 -0.00324665 -0.000115783
-0.08 2 0 0
0.08 -2 0 0
0.08 -1.84 -0.00324665 -0.000115783
0.08 -1.68 -0.0143624 -0.0020692
0.08 -1.52 -0.0358207 -0.0116482
0.08 -1.36 -0.0712502 -0.0412484
0.08 -1.2 -0.126197 -0.113738
0.08 -1.04 -0.209583 -0.259378
0.08 -0.88 -0.322077 -0.503097
0.08 -0.72 -0.436094 -0.855187
0.08 -0.56 -0.549787 -1.29212
0.08 -0.4 -0.662777 -1.74291
0.08 -0.24 -0.773744 -2.12413
0.08 -0.08 -0.873901 -2.35247
0.08 0.08 -0.873901 -2.35247
0.08 0.24 -0.773744 -2.12413
0.08 0.4 -0.662777 -1.74291
0.08 0.56 -0.549787 -1.29212
0.08 0.72 -0.436094 -0.855187
0.08 0.88 -0.322077 -0.503097
0.08 1.04 -0.209583 -0.259378
0.08 1.2 -0.126197 -0.113738
0.08 1.36 -0.0712502 -0.0412484
0.08 1.52 -0.0358207 -0.0116482
0.08 1.68 -0.0143624 -0.0020692
0.08 1.84 -0.00324665 -0.000115783
0.08 2 0 0
0.24 -2 0 0
0.24 -1.84 -0.00268317 -7.96752e-05
0.24 -1.68 -0.0129104 -0.00168702
0.24 -1.52 -0.0329945 -0.00999124
0.24 -1.36 -0.0662331 -0.0361322
0.24 -1.2 -0.117544 -0.100603
0.24 -1.04 -0.194565 -0.23141
0.24 -0.88 -0.301657 -0.451545
0.24 -0.72 -0.411374 -0.769977
0.24 -0.56 -0.518578 -1.16709
0.24 -0.4 -0.620841 -1.57875
0.24 -0.24 -0.711844 -1.92354
0.24 -0.08 -0.773744 -2.12413
0.24 0.08 -0.773744 -2.12413
0.24 0.24 -0.711844 -1.92354
0.24 0.4 -0.620841 -1.57875
0.24 0.56 -0.518578 -1.16709
0.24 0.72 -0.411374 -0.769977
0.24 0.88 -0.301657 -0.451545
0.24 1.04 -0.194565 -0.23141
0.24 1.2 -0.117544 -0.100603
0.24 1.36 -0.0662331 -0.0361322
0.24 1.52 -0.0329945 -0.00999124
0.24 1.68 -0.0129104 -0.00168702
0.24 1.84 -0.00268317 -7.96752e-05
0.24 2 0 0
0.4 -2 0 0
0.4 -1.84 -0.00173626 -3.38547e-05
0.4 -1.68 -0.0103056 -0.00109389
0.4 -1.52 -0.0278562 -0.00727398
0.4 -1.36 -0.0571208 -0.027586
0.4 -1.2 -0.101984 -0.0784283
0.4 -1.04 -0.168082 -0.183536
0.4 -0.88 -0.262622 -0.362816
0.4 -0.72 -0.365034 -0.623163
0.4 -0.56 -0.462053 -0.949296
0.4 -0.4 -0.549787 -1.29212
0.4 -0.24 -0.620841 -1.57875
0.4 -0.08 -0.662777 -1.74291
0.4 0.08 -0.662777 -1.74291
0.4 0.24 -0.620841 -1.57875
0.4 0.4 -0.549787 -1.29212
0.4 0.56 -0.462053 -0.949296
0.4 0.72 -0.365034 -0.623163
0.4 0.88 -0.262622 -0.362816
0.4 1.04 -0.168082 -0.183536
0.4 1.2 -0.101984 -0.0784283
0.4 1.36 -0.0571208 -0.027586
0.4 1.52 -0.0278562 -0.00727398
0.4 1.68 -0.0103056 -0.00109389
0.4 1.84 -0.00173626 -3.38547e-05
0.4 2 0 0
0.56 -2 0 0
0.56 -1.84 -0.000729631 -6.1067e-06
0.56 -1.68 -0.00707728 -0.000529014
0.56 -1.52 -0.0212951 -0.00438113
0.56 -1.36 -0.0454603 -0.0181284
0.56 -1.2 -0.0823259 -0.0535285
0.56 -1.04 -0.135508 -0.128432
0.56 -0.88 -0.209583 -0.259378
0.56 -0.72 -0.301657 -0.451545
0.56 -0.56 -0.38773 -0.692885
0.56 -0.4 -0.462053 -0.949296
0.56 -0.24 -0.518578 -1.16709
0.56 -0.08 -0.549787 -1.29212
0.56 0.08 -0.549787 -1.29212
0.56 0.24 -0.518578 -1.16709
0.56 0.4 -0.462053 -0.949296
0.56 0.56 -0.38773 -0.692885
0.56 0.72 -0.301657 -0.451545
0.56 0.88 -0.209583 -0.259378
0.56 1.04 -0.135508 -0.128432
0.56 1.2 -0.0823259 -0.0535285
0.56 1.36 -0.0454603 -0.0181284
0.56 1.52 -0.0212951 -0.00438113
0.56 1.68 -0.00707728 -0.000529014
0.56 1.84 -0.000729631 -6.1067e-06
0.56 2 0 0
0.72 -2 0 0
0.72 -1.84 -7.0443e-05 -5.84759e-08
0.72 -1.68 -0.00387369 -0.000163577
0.72 -1.52 -0.0143624 -0.0020692
0.72 -1.36 -0.0329945 -0.00999124
0.72 -1.2 -0.0615305 -0.0315993
0.72 -1.04 -0.101984 -0.0784283
0.72 -0.88 -0.15637 -0.163149
0.72 -0.72 -0.225985 -0.290392
0.72 -0.56 -0.301657 -0.451545
0.72 -0.4 -0.365034 -0.623163
0.72 -0.24 -0.411374 -0.769977
0.72 -0.08 -0.436094 -0.855187
0.72 0.08 -0.436094 -0.855187
0.72 0.24 -0.411374 -0.769977
0.72 0.4 -0.365034 -0.623163
0.72 0.56 -0.301657 -0.451545
0.72 0.72 -0.225985 -0.290392
0.72 0.88 -0.15637 -0.163149
0.72 1.04 -0.101984 -0.0784283
0.72 1.2 -0.0615305 -0.0315993
0.72 1.36 -0.0329945 -0.00999124
0.72 1.52 -0.0143624 -0.0020692
0.72 1.68 -0.00387369 -0.000163577
0.72 1.84 -7.0443e-05 -5.84759e-08
0.72 2 0 0
0.88 -2 0 0
0.88 -1.84 0 0
0.88 -1.68 -0.00134784 -2.05487e-05
0.88 -1.52 -0.00806855 -0.000681947
0.88 -1.36 -0.0212951 -0.00438113
0.88 -1.2 -0.0420414 -0.0156866
0.88 -1.04 -0.0712502 -0.0412484
0.88 -0.88 -0.10949 -0.0888777
0.88 -0.72 -0.15637 -0.163149
0.88 -0.56 -0.209583 -0.259378
0.88 -0.4 -0.262622 -0.362816
0.88 -0.24 -0.301657 -0.451545
0.88 -0.08 -0.322077 -0.503097
0.88 0.08 -0.322077 -0.503097
0.88 0.24 -0.301657 -0.451545
0.88 0.4 -0.262622 -0.362816
0.88 0.56 -0.209583 -0.259378
0.88 0.72 -0.15637 -0.163149
0.88 0.88 -0.10949 -0.0888777
0.88 1.04 -0.0712502 -0.0412484
0.88 1.2 -0.0420414 -0.0156866
0.88 1.36 -0.0212951 -0.00438113
0.88 1.52 -0.00806855 -0.000681947
0.88 1.68 -0.00134784 -2.05487e-05
0.88 1.84 0 0
0.88 2 0 0
1.04 -2 0 0
1.04 -1.84 0 0
1.04 -1.68 -7.0443e-05 -5.84759e-08
1.04 -1.52 -0.00324665 -0.000115783
1.04 -1.36 -0.0115597 -0.00136447
1.04 -1.2 -0.0255249 -0.00617037
1.04 -1.04 -0.0454603 -0.0181284
1.04 -0.88 -0.0712502 -0.0412484
1.04 -0.72 -0.101984 -0.0784283
1.04 -0.56 -0.135508 -0.128432
1.04 -0.4 -0.168082 -0.183536
1.04 -0.24 -0.194565 -0.23141
1.04 -0.08 -0.209583 -0.259378
1.04 0.08 -0.209583 -0.259378
1.04 0.24 -0.194565 -0.23141
1.04 0.4 -0.168082 -0.183536
1.04 0.56 -0.135508 -0.128432
1.04 0.72 -0.101984 -0.0784283
1.04 0.88 -0.0712502 -0.0412484
1.04 1.04 -0.0454603 -0.0181284
1.04 1.2 -0.0255249 -0.00617037
1.04 1.36 -0.0115597 -0.00136447
1.04 1.52 -0.00324665 -0.000115783
1.04 1.68 -7.0443e-05 -5.84759e-08
1.04 1.84 0 0
1.04 2 0 0
1.2 -2 0 0
1.2 -1.84 0 0
1.2 -1.68 0 0
1.2 -1.52 -0.000495587 -2.83678e-06
1.2 -1.36 -0.00456717 -0.000225638
1.2 -1.2 -0.0129104 -0.00168702
1.2 -1.04 -0.0255249 -0.00617037
1.2 -0.88 -0.0420414 -0.0156866
1.2 -0.72 -0.0615305 -0.0315993
1.2 -0.56 -0.0823259 -0.0535285
1.2 -0.4 -0.101984 -0.0784283
1.2 -0.24 -0.117544 -0.100603
1.2 -0.08 -0.126197 -0.113738
1.2 0.08 -0.126197 -0.113738
1.2 0.24 -0.117544 -0.100603
1.2 0.4 -0.101984 -0.0784283
1.2 0.56 -0.0823259 -0.0535285
1.2 0.72 -0.0615305 -0.0315993
1.2 0.88 -0.0420414 -0.0156866
1.2 1.04 -0.0255249 -0.00617037
1.2 1.2 -0.0129104 -0.00168702
1.2 1.36 -0.00456717 -0.000225638
1.2 1.52 -0.000495587 -2.83678e-06
1.2 1.68 0 0
1.2 1.84 0 0
1.2 2 0 0
1.36 -2 0 0
1.36 -1.84 0 0
1.36 -1.68 0 0
1.36 -1.52 0 0
1.36 -1.36 -0.000729631 -6.1067e-06
1.36 -1.2 -0.00456717 -0.000225638
1.36 -1.04 -0.0115597 -0.00136447
1.36 -0.88 -0.0212951 -0.00438113
1.36 -0.72 -0.0329945 -0.00999124
1.36 -0.56 -0.0454603 -0.0181284
1.36 -0.4 -0.0571208 -0.027586
1.36 -0.24 -0.0662331 -0.0361322
1.36 -0.08 -0.0712502 -0.0412484
1.36 0.08 -0.0712502 -0.0412484
1.36 0.24 -0.0662331 -0.0361322
1.36 0.4 -0.0571208 -0.027586
1.36 0.56 -0.0454603 -0.0181284
1.36 0.72 -0.0329945 -0.00999124
1.36 0.88 -0.0212951 -0.00438113
1.36 1.04 -0.0115597 -0.00136447
1.36 1.2 -0.00456717 -0.000225638
1.36 1.36 -0.000729631 -6.1067e-06
1.36 1.52 0 0
1.36 1.68 0 0
1.36 1.84 0 0
1.36 2 0 0
1.52 -2 0 0
1.52 -1.84 0 0
1.52 -1.68 0 0
1.52 -1.52 0 0
1.52 -1.36 0 0
1.52 -1.2 -0.000495587 -2.83678e-06
1.52 -1.04 -0.00324665 -0.000115783
1.52 -0.88 -0.00806855 -0.000681947
1.52 -0.72 -0.0143624 -0.0020692
1.52 -0.56 -0.0212951 -0.00438113
1.52 -0.4 -0.0278562 -0.00727398
1.52 -0.24 -0.0329945 -0.00999124
1.52 -0.08 -0.0358207 -0.0116482
1.52 0.08 -0.0358207 -0.0116482
1.52 0.24 -0.0329945 -0.00999124
1.52 0.4 -0.0278562 -0.00727398
1.52 0.56 -0.0212951 -0.00438113
1.52 0.72 -0.0143624 -0.0020692
1.52 0.88 -0.00806855 -0.000681947
1.52 1.04 -0.00324665 -0.000115783
1.52 1.2 -0.000495587 -2.83678e-06
1.52 1.36 0 0
1.52 1.52 0 0
1.52 1.68 0 0
1.52 1.84 0 0
1.52 2 0 0
1.68 -2 0 0
1.68 -1.84 0 0
1.68 -1.68 0 0
1.68 -1.52 0 0
1.68 -1.36 0 0
1.68 -1.2 0 0
1.68 -1.04 -7.0443e-05 -5.84759e-08
1.68 -0.88 -0.00134784 -2.05487e-05
1.68 -0.72 -0.00387369 -0.000163577
1.68 -0.56 -0.00707728 -0.000529014
1.68 -0.4 -0.0103056 -0.00109389
1.68 -0.24 -0.0129104 -0.00168702
1.68 -0.08 -0.0143624 -0.0020692
1.68 0.08 -0.0143624 -0.0020692
1.68 0.24 -0.0129104 -0.00168702
1.68 0.4 -0.0103056 -0.00109389
1.68 0.56 -0.00707728 -0.000529014
1.68 0.72 -0.00387369 -0.000163577
1.68 0.88 -0.00134784 -2.05487e-05
1.68 1.04 -7.0443e-05 -5.84759e-08
1.68 1.2 0 0
1.68 1.36 0 0
1.68 1.52 0 0
1.68 1.68 0 0
1.68 1.84 0 0
1.68 2 0 0
1.84 -2 0 0
1.84 -1.84 0 0
1.84 -1.68 0 0
1.84 -1.52 0 0
1.84 -1.36 0 0
1.84 -1.2 0 0
1.84 -1.04 0 0
1.84 -0.88 0 0
1.84 -0.72 -7.0443e-05 -5.84759e-08
1.84 -0.56 -0.000729631 -6.1067e-06
1.84 -0.4 -0.00173626 -3.38547e-05
1.84 -0.24 -0.00268317 -7.96752e-05
1.84 -0.08 -0.00324665 -0.000115783
1.84 0.08 -0.00324665 -0.000115783
1.84 0.24 -0.00268317 -7.96752e-05
1.84 0.4 -0.00173626 -3.38547e-05
1.84 0.56 -0.000729631 -6.1067e-06
1.84 0.72 -7.0443e-05 -5.84759e-08
1.84 0.88 0 0
1.84 1.04 0 0
1.84 1.2 0 0
1.84 1.36 0 0
1.84 1.52 0 0
1.84 1.68 0 0
1.84 1.84 0 0
1.84 2 0 0
2 -2 0 0
2 -1.84 0 0
2 -1.68 0 0
2 -1.52 0 0
2 -1.36 0 0
2 -1.2 0 0
2 -1.04 0 0
2 -0.88 0 0
2 -0.72 0 0
2 -0.56 0 0
2 -0.4 0 0
2 -0.24 0 0
2 -0.08 0 0
2 0.08 0 0
2 0.24 0 0
2 0.4 0 0
2 0.56 0 0
2 0.72 0 0
2 0.88 0 0
2 1.04 0 0
2 1.2 0 0
2 1.36 0 0
2 1.52 0 0
2 1.68 0 0
2 1.84 0 0
2 2 0 0
